1419358706,s1-eth1,0.00,0.00,0.00,0,0,0.00,0.00,0.00,0,0,0.00,0.00,0,0
1419358706,s3,0.00,0.00,0.00,0,0,0.00,0.00,0.00,0,0,0.00,0.00,0,0
1419358706,s1-eth3,0.00,0.00,0.00,0,0,0.00,0.00,0.00,0,0,0.00,0.00,0,0
1419358706,s1-eth2,0.00,0.00,0.00,0,0,0.00,0.00,0.00,0,0,0.00,0.00,0,0
1419358706,s2-eth1,0.00,0.00,0.00,0,0,0.00,0.00,0.00,0,0,0.00,0.00,0,0
1419358706,s4,0.00,0.00,0.00,0,0,0.00,0.00,0.00,0,0,0.00,0.00,0,0
1419358706,s2-eth2,0.00,0.00,0.00,0,0,0.00,0.00,0.00,0,0,0.00,0.00,0,0
1419358706,s2-eth3,0.00,0.00,0.00,0,0,0.00,0.00,0.00,0,0,0.00,0.00,0,0
1419358706,s5,0.00,0.00,0.00,0,0,0.00,0.00,0.00,0,0,0.00,0.00,0,0
1419358706,s3-eth1,0.00,0.00,0.00,0,0,0.00,0.00,0.00,0,0,0.00,0.00,0,0
1419358706,s3-eth3,0.00,0.00,0.00,0,0,0.00,0.00,0.00,0,0,0.00,0.00,0,0
1419358706,eth0,0.00,0.00,0.00,0,0,0.00,0.00,0.00,0,0,0.00,0.00,0,0
1419358706,lo,0.00,0.00,0.00,0,0,0.00,0.00,0.00,0,0,0.00,0.00,0,0
1419358706,s1,0.00,0.00,0.00,0,0,0.00,0.00,0.00,0,0,0.00,0.00,0,0
1419358706,s4-eth1,0.00,0.00,0.00,0,0,0.00,0.00,0.00,0,0,0.00,0.00,0,0
1419358706,s4-eth3,0.00,0.00,0.00,0,0,0.00,0.00,0.00,0,0,0.00,0.00,0,0
1419358706,s2,0.00,0.00,0.00,0,0,0.00,0.00,0.00,0,0,0.00,0.00,0,0
1419358706,s5-eth1,0.00,0.00,0.00,0,0,0.00,0.00,0.00,0,0,0.00,0.00,0,0
1419358706,total,0.00,0.00,0.00,0,0,0.00,0.00,0.00,0,0,0.00,0.00,0,0
1419358707,s1-eth1,1226358.00,27480.00,1253838.00,27480,1226358,415.00,416.00,831.00,416,415,0.00,0.00,0,0
1419358707,s3,0.00,0.00,0.00,0,0,0.00,0.00,0.00,0,0,0.00,0.00,0,0
1419358707,s1-eth3,13710.00,630906.00,644616.00,630906,13710,207.00,213.00,420.00,213,207,0.00,0.00,0,0
1419358707,s1-eth2,13950.00,648768.00,662718.00,648768,13950,211.00,220.00,431.00,220,211,0.00,0.00,0,0
1419358707,s2-eth1,630906.00,13710.00,644616.00,13710,630906,213.00,207.00,420.00,207,213,0.00,0.00,0,0
1419358707,s4,0.00,0.00,0.00,0,0,0.00,0.00,0.00,0,0,0.00,0.00,0,0
1419358707,s2-eth2,13710.00,633868.00,647578.00,633868,13710,207.00,214.00,421.00,214,207,0.00,0.00,0,0
1419358707,s2-eth3,0.00,0.00,0.00,0,0,0.00,0.00,0.00,0,0,0.00,0.00,0,0
1419358707,s5,0.00,0.00,0.00,0,0,0.00,0.00,0.00,0,0,0.00,0.00,0,0
1419358707,s3-eth1,0.00,0.00,0.00,0,0,0.00,0.00,0.00,0,0,0.00,0.00,0,0
1419358707,s3-eth3,0.00,0.00,0.00,0,0,0.00,0.00,0.00,0,0,0.00,0.00,0,0
1419358707,eth0,0.00,0.00,0.00,0,0,0.00,0.00,0.00,0,0,0.00,0.00,0,0
1419358707,lo,1152.00,1152.00,2304.00,1152,1152,12.00,12.00,24.00,12,12,0.00,0.00,0,0
1419358707,s1,0.00,180.00,180.00,180,0,0.00,2.00,2.00,2,0,0.00,0.00,0,0
1419358707,s4-eth1,0.00,0.00,0.00,0,0,0.00,0.00,0.00,0,0,0.00,0.00,0,0
1419358707,s4-eth3,0.00,0.00,0.00,0,0,0.00,0.00,0.00,0,0,0.00,0.00,0,0
1419358707,s2,0.00,179.82,179.82,180,0,0.00,2.00,2.00,2,0,0.00,0.00,0,0
1419358707,s5-eth1,0.00,0.00,0.00,0,0,0.00,0.00,0.00,0,0,0.00,0.00,0,0
1419358707,total,1897888.12,1954289.75,3852178.00,1956244,1899786,1263.74,1284.72,2548.45,1286,1265,0.00,0.00,0,0
1419358708,s1-eth1,1223306.00,27126.00,1250432.00,27126,1223306,413.00,411.00,824.00,411,413,0.00,0.00,0,0
1419358708,s3,0.00,0.00,0.00,0,0,0.00,0.00,0.00,0,0,0.00,0.00,0,0
1419358708,s1-eth3,13530.00,636830.00,650360.00,636830,13530,205.00,215.00,420.00,215,205,0.00,0.00,0,0
1419358708,s1-eth2,13596.00,639792.00,653388.00,639792,13596,206.00,216.00,422.00,216,206,0.00,0.00,0,0
1419358708,s2-eth1,636830.00,13530.00,650360.00,13530,636830,215.00,205.00,420.00,205,215,0.00,0.00,0,0
1419358708,s4,0.00,0.00,0.00,0,0,0.00,0.00,0.00,0,0,0.00,0.00,0,0
1419358708,s2-eth2,13530.00,636830.00,650360.00,636830,13530,205.00,215.00,420.00,215,205,0.00,0.00,0,0
1419358708,s2-eth3,0.00,0.00,0.00,0,0,0.00,0.00,0.00,0,0,0.00,0.00,0,0
1419358708,s5,0.00,0.00,0.00,0,0,0.00,0.00,0.00,0,0,0.00,0.00,0,0
1419358708,s3-eth1,0.00,0.00,0.00,0,0,0.00,0.00,0.00,0,0,0.00,0.00,0,0
1419358708,s3-eth3,0.00,0.00,0.00,0,0,0.00,0.00,0.00,0,0,0.00,0.00,0,0
1419358708,eth0,60.00,60.00,120.00,60,60,1.00,1.00,2.00,1,1,0.00,0.00,0,0
1419358708,lo,0.00,0.00,0.00,0,0,0.00,0.00,0.00,0,0,0.00,0.00,0,0
1419358708,s1,0.00,0.00,0.00,0,0,0.00,0.00,0.00,0,0,0.00,0.00,0,0
1419358708,s4-eth1,0.00,0.00,0.00,0,0,0.00,0.00,0.00,0,0,0.00,0.00,0,0
1419358708,s4-eth3,0.00,0.00,0.00,0,0,0.00,0.00,0.00,0,0,0.00,0.00,0,0
1419358708,s2,0.00,0.00,0.00,0,0,0.00,0.00,0.00,0,0,0.00,0.00,0,0
1419358708,s5-eth1,0.00,0.00,0.00,0,0,0.00,0.00,0.00,0,0,0.00,0.00,0,0
1419358708,total,1900852.00,1954168.00,3855020.00,1954168,1900852,1245.00,1263.00,2508.00,1263,1245,0.00,0.00,0,0
1419358709,s1-eth1,1222084.00,27362.64,1249446.62,27390,1223306,412.59,414.59,827.17,415,413,0.00,0.00,0,0
1419358709,s3,0.00,0.00,0.00,0,0,0.00,0.00,0.00,0,0,0.00,0.00,0,0
1419358709,s1-eth3,13516.48,636193.81,649710.31,636830,13530,204.80,214.79,419.58,215,205,0.00,0.00,0,0
1419358709,s1-eth2,13846.15,648030.00,661876.12,648678,13860,209.79,218.78,428.57,219,210,0.00,0.00,0,0
1419358709,s2-eth1,636193.81,13516.48,649710.31,13530,636830,214.79,204.80,419.58,205,215,0.00,0.00,0,0
1419358709,s4,0.00,0.00,0.00,0,0,0.00,0.00,0.00,0,0,0.00,0.00,0,0
1419358709,s2-eth2,13516.48,633234.81,646751.25,633868,13530,204.80,213.79,418.58,214,205,0.00,0.00,0,0
1419358709,s2-eth3,0.00,0.00,0.00,0,0,0.00,0.00,0.00,0,0,0.00,0.00,0,0
1419358709,s5,0.00,0.00,0.00,0,0,0.00,0.00,0.00,0,0,0.00,0.00,0,0
1419358709,s3-eth1,0.00,0.00,0.00,0,0,0.00,0.00,0.00,0,0,0.00,0.00,0,0
1419358709,s3-eth3,0.00,0.00,0.00,0,0,0.00,0.00,0.00,0,0,0.00,0.00,0,0
1419358709,eth0,0.00,0.00,0.00,0,0,0.00,0.00,0.00,0,0,0.00,0.00,0,0
1419358709,lo,0.00,0.00,0.00,0,0,0.00,0.00,0.00,0,0,0.00,0.00,0,0
1419358709,s1,0.00,0.00,0.00,0,0,0.00,0.00,0.00,0,0,0.00,0.00,0,0
1419358709,s4-eth1,0.00,0.00,0.00,0,0,0.00,0.00,0.00,0,0,0.00,0.00,0,0
1419358709,s4-eth3,0.00,0.00,0.00,0,0,0.00,0.00,0.00,0,0,0.00,0.00,0,0
1419358709,s2,0.00,0.00,0.00,0,0,0.00,0.00,0.00,0,0,0.00,0.00,0,0
1419358709,s5-eth1,0.00,0.00,0.00,0,0,0.00,0.00,0.00,0,0,0.00,0.00,0,0
1419358709,total,1897261.50,1956383.25,3853644.75,1960296,1901056,1245.51,1265.47,2510.98,1268,1248,0.00,0.00,0,0
1419358710,s1-eth1,1223960.12,27339.32,1251299.38,27394,1226408,415.17,414.17,829.34,415,416,0.00,0.00,0,0
1419358710,s3,0.00,0.00,0.00,0,0,0.00,0.00,0.00,0,0,0.00,0.00,0,0
1419358710,s1-eth3,13948.10,647495.00,661443.12,648790,13976,211.58,220.56,432.14,221,212,0.00,0.00,0,0
1419358710,s1-eth2,13684.63,632714.56,646399.25,633980,13712,207.58,215.57,423.15,216,208,0.00,0.00,0,0
1419358710,s2-eth1,647495.00,13948.10,661443.12,13976,648790,220.56,211.58,432.14,212,221,0.00,0.00,0,0
1419358710,s4,0.00,0.00,0.00,0,0,0.00,0.00,0.00,0,0,0.00,0.00,0,0
1419358710,s2-eth2,13948.10,647495.00,661443.12,648790,13976,211.58,220.56,432.14,221,212,0.00,0.00,0,0
1419358710,s2-eth3,0.00,0.00,0.00,0,0,0.00,0.00,0.00,0,0,0.00,0.00,0,0
1419358710,s5,0.00,0.00,0.00,0,0,0.00,0.00,0.00,0,0,0.00,0.00,0,0
1419358710,s3-eth1,0.00,0.00,0.00,0,0,0.00,0.00,0.00,0,0,0.00,0.00,0,0
1419358710,s3-eth3,0.00,0.00,0.00,0,0,0.00,0.00,0.00,0,0,0.00,0.00,0,0
1419358710,eth0,0.00,0.00,0.00,0,0,0.00,0.00,0.00,0,0,0.00,0.00,0,0
1419358710,lo,2786.43,2786.43,5572.85,2792,2792,29.94,29.94,59.88,30,30,0.00,0.00,0,0
1419358710,s1,0.00,209.79,209.79,210,0,0.00,3.00,3.00,3,0,0.00,0.00,0,0
1419358710,s4-eth1,0.00,0.00,0.00,0,0,0.00,0.00,0.00,0,0,0.00,0.00,0,0
1419358710,s4-eth3,0.00,0.00,0.00,0,0,0.00,0.00,0.00,0,0,0.00,0.00,0,0
1419358710,s2,0.00,209.79,209.79,210,0,0.00,3.00,3.00,3,0,0.00,0.00,0,0
1419358710,s5-eth1,0.00,0.00,0.00,0,0,0.00,0.00,0.00,0,0,0.00,0.00,0,0
1419358710,total,1917736.38,1974167.88,3891904.25,1976142,1919654,1297.70,1319.68,2617.38,1321,1299,0.00,0.00,0,0
1419358711,s1-eth1,1223306.00,27258.00,1250564.00,27258,1223306,413.00,413.00,826.00,413,413,0.00,0.00,0,0
1419358711,s3,0.00,0.00,0.00,0,0,0.00,0.00,0.00,0,0,0.00,0.00,0,0
1419358711,s1-eth3,13530.00,633868.00,647398.00,633868,13530,205.00,214.00,419.00,214,205,0.00,0.00,0,0
1419358711,s1-eth2,13728.00,642754.00,656482.00,642754,13728,208.00,217.00,425.00,217,208,0.00,0.00,0,0
1419358711,s2-eth1,633868.00,13530.00,647398.00,13530,633868,214.00,205.00,419.00,205,214,0.00,0.00,0,0
1419358711,s4,0.00,0.00,0.00,0,0,0.00,0.00,0.00,0,0,0.00,0.00,0,0
1419358711,s2-eth2,13530.00,633868.00,647398.00,633868,13530,205.00,214.00,419.00,214,205,0.00,0.00,0,0
1419358711,s2-eth3,0.00,0.00,0.00,0,0,0.00,0.00,0.00,0,0,0.00,0.00,0,0
1419358711,s5,0.00,0.00,0.00,0,0,0.00,0.00,0.00,0,0,0.00,0.00,0,0
1419358711,s3-eth1,0.00,0.00,0.00,0,0,0.00,0.00,0.00,0,0,0.00,0.00,0,0
1419358711,s3-eth3,0.00,0.00,0.00,0,0,0.00,0.00,0.00,0,0,0.00,0.00,0,0
1419358711,eth0,0.00,0.00,0.00,0,0,0.00,0.00,0.00,0,0,0.00,0.00,0,0
1419358711,lo,0.00,0.00,0.00,0,0,0.00,0.00,0.00,0,0,0.00,0.00,0,0
1419358711,s1,0.00,0.00,0.00,0,0,0.00,0.00,0.00,0,0,0.00,0.00,0,0
1419358711,s4-eth1,0.00,0.00,0.00,0,0,0.00,0.00,0.00,0,0,0.00,0.00,0,0
1419358711,s4-eth3,0.00,0.00,0.00,0,0,0.00,0.00,0.00,0,0,0.00,0.00,0,0
1419358711,s2,0.00,0.00,0.00,0,0,0.00,0.00,0.00,0,0,0.00,0.00,0,0
1419358711,s5-eth1,0.00,0.00,0.00,0,0,0.00,0.00,0.00,0,0,0.00,0.00,0,0
1419358711,total,1896066.00,1949328.75,3845394.75,1951278,1897962,1243.76,1261.74,2505.49,1263,1245,0.00,0.00,0,0
1419358712,s1-eth1,1222084.00,27296.70,1249380.62,27324,1223306,412.59,413.59,826.17,414,413,0.00,0.00,0,0
1419358712,s3,0.00,0.00,0.00,0,0,0.00,0.00,0.00,0,0,0.00,0.00,0,0
1419358712,s1-eth3,13582.42,633234.81,646817.19,633868,13596,205.79,213.79,419.58,214,206,0.00,0.00,0,0
1419358712,s1-eth2,13648.35,642111.88,655760.25,642754,13662,206.79,216.78,423.58,217,207,0.00,0.00,0,0
1419358712,s2-eth1,633234.81,13582.42,646817.19,13596,633868,213.79,205.79,419.58,206,214,0.00,0.00,0,0
1419358712,s4,0.00,0.00,0.00,0,0,0.00,0.00,0.00,0,0,0.00,0.00,0,0
1419358712,s2-eth2,13582.42,636193.81,649776.25,636830,13596,205.79,214.79,420.58,215,206,0.00,0.00,0,0
1419358712,s2-eth3,0.00,0.00,0.00,0,0,0.00,0.00,0.00,0,0,0.00,0.00,0,0
1419358712,s5,0.00,0.00,0.00,0,0,0.00,0.00,0.00,0,0,0.00,0.00,0,0
1419358712,s3-eth1,0.00,0.00,0.00,0,0,0.00,0.00,0.00,0,0,0.00,0.00,0,0
1419358712,s3-eth3,0.00,0.00,0.00,0,0,0.00,0.00,0.00,0,0,0.00,0.00,0,0
1419358712,eth0,0.00,0.00,0.00,0,0,0.00,0.00,0.00,0,0,0.00,0.00,0,0
1419358712,lo,0.00,0.00,0.00,0,0,0.00,0.00,0.00,0,0,0.00,0.00,0,0
1419358712,s1,0.00,0.00,0.00,0,0,0.00,0.00,0.00,0,0,0.00,0.00,0,0
1419358712,s4-eth1,0.00,0.00,0.00,0,0,0.00,0.00,0.00,0,0,0.00,0.00,0,0
1419358712,s4-eth3,0.00,0.00,0.00,0,0,0.00,0.00,0.00,0,0,0.00,0.00,0,0
1419358712,s2,0.00,0.00,0.00,0,0,0.00,0.00,0.00,0,0,0.00,0.00,0,0
1419358712,s5-eth1,0.00,0.00,0.00,0,0,0.00,0.00,0.00,0,0,0.00,0.00,0,0
1419358712,total,1896131.88,1952419.62,3848551.50,1954372,1898028,1244.76,1264.74,2509.49,1266,1246,0.00,0.00,0,0
1419358713,s1-eth1,1222084.00,27164.84,1249248.75,27192,1223306,412.59,411.59,824.18,412,413,0.00,0.00,0,0
1419358713,s3,0.00,0.00,0.00,0,0,0.00,0.00,0.00,0,0,0.00,0.00,0,0
1419358713,s1-eth3,13384.62,659866.12,673250.75,660526,13398,202.80,222.78,425.57,223,203,0.00,0.00,0,0
1419358713,s1-eth2,13846.15,674661.38,688507.50,675336,13860,209.79,227.77,437.56,228,210,0.00,0.00,0,0
1419358713,s2-eth1,659866.12,13384.62,673250.75,13398,660526,222.78,202.80,425.57,203,223,0.00,0.00,0,0
1419358713,s4,0.00,0.00,0.00,0,0,0.00,0.00,0.00,0,0,0.00,0.00,0,0
1419358713,s2-eth2,13384.62,656907.12,670291.75,657564,13398,202.80,221.78,424.58,222,203,0.00,0.00,0,0
1419358713,s2-eth3,0.00,0.00,0.00,0,0,0.00,0.00,0.00,0,0,0.00,0.00,0,0
1419358713,s5,0.00,0.00,0.00,0,0,0.00,0.00,0.00,0,0,0.00,0.00,0,0
1419358713,s3-eth1,0.00,0.00,0.00,0,0,0.00,0.00,0.00,0,0,0.00,0.00,0,0
1419358713,s3-eth3,0.00,0.00,0.00,0,0,0.00,0.00,0.00,0,0,0.00,0.00,0,0
1419358713,eth0,0.00,0.00,0.00,0,0,0.00,0.00,0.00,0,0,0.00,0.00,0,0
1419358713,lo,2661.34,2661.34,5322.68,2664,2664,38.96,38.96,77.92,39,39,0.00,0.00,0,0
1419358713,s1,0.00,0.00,0.00,0,0,0.00,0.00,0.00,0,0,0.00,0.00,0,0
1419358713,s4-eth1,0.00,0.00,0.00,0,0,0.00,0.00,0.00,0,0,0.00,0.00,0,0
1419358713,s4-eth3,0.00,0.00,0.00,0,0,0.00,0.00,0.00,0,0,0.00,0.00,0,0
1419358713,s2,0.00,0.00,0.00,0,0,0.00,0.00,0.00,0,0,0.00,0.00,0,0
1419358713,s5-eth1,0.00,0.00,0.00,0,0,0.00,0.00,0.00,0,0,0.00,0.00,0,0
1419358713,total,1925226.88,2034645.38,3959872.25,2036680,1927152,1289.71,1325.67,2615.38,1327,1291,0.00,0.00,0,0
1419358714,s1-eth1,1226761.25,35416.59,1262177.88,35452,1227988,439.56,439.56,879.12,440,440,0.00,0.00,0,0
1419358714,s3,0.00,0.00,0.00,0,0,0.00,0.00,0.00,0,0,0.00,0.00,0,0
1419358714,s1-eth3,18251.75,610633.38,628885.12,611244,18270,228.77,287.71,516.48,288,229,0.00,0.00,0,0
1419358714,s1-eth2,17186.81,603268.75,620455.56,603872,17204,211.79,285.71,497.50,286,212,0.00,0.00,0,0
1419358714,s2-eth1,610633.38,18251.75,628885.12,18270,611244,287.71,228.77,516.48,229,288,0.00,0.00,0,0
1419358714,s4,0.00,0.00,0.00,0,0,0.00,0.00,0.00,0,0,0.00,0.00,0,0
1419358714,s2-eth2,18251.75,612145.88,630397.62,612758,18270,228.77,288.71,517.48,289,229,0.00,0.00,0,0
1419358714,s2-eth3,0.00,0.00,0.00,0,0,0.00,0.00,0.00,0,0,0.00,0.00,0,0
1419358714,s5,0.00,0.00,0.00,0,0,0.00,0.00,0.00,0,0,0.00,0.00,0,0
1419358714,s3-eth1,0.00,0.00,0.00,0,0,0.00,0.00,0.00,0,0,0.00,0.00,0,0
1419358714,s3-eth3,0.00,0.00,0.00,0,0,0.00,0.00,0.00,0,0,0.00,0.00,0,0
1419358714,eth0,0.00,0.00,0.00,0,0,0.00,0.00,0.00,0,0,0.00,0.00,0,0
1419358714,lo,1606.39,1606.39,3212.79,1608,1608,17.98,17.98,35.96,18,18,0.00,0.00,0,0
1419358714,s1,0.00,209.79,209.79,210,0,0.00,3.00,3.00,3,0,0.00,0.00,0,0
1419358714,s4-eth1,0.00,0.00,0.00,0,0,0.00,0.00,0.00,0,0,0.00,0.00,0,0
1419358714,s4-eth3,0.00,0.00,0.00,0,0,0.00,0.00,0.00,0,0,0.00,0.00,0,0
1419358714,s2,0.00,209.79,209.79,210,0,0.00,3.00,3.00,3,0,0.00,0.00,0,0
1419358714,s5-eth1,0.00,0.00,0.00,0,0,0.00,0.00,0.00,0,0,0.00,0.00,0,0
1419358714,total,1892691.38,1881742.25,3774433.75,1883624,1894584,1414.59,1554.45,2969.03,1556,1416,0.00,0.00,0,0
1419358715,s1-eth1,1241468.62,63512.49,1304981.00,63576,1242710,706.29,703.30,1409.59,704,707,0.00,0.00,0,0
1419358715,s3,0.00,0.00,0.00,0,0,0.00,0.00,0.00,0,0,0.00,0.00,0,0
1419358715,s1-eth3,37584.42,790087.94,827672.38,790878,37622,416.58,398.60,815.18,399,417,0.00,0.00,0,0
1419358715,s1-eth2,26115.88,603994.00,630109.94,604598,26142,288.71,318.68,607.39,319,289,0.00,0.00,0,0
1419358715,s2-eth1,790087.94,37584.42,827672.38,37622,790878,398.60,416.58,815.18,417,399,0.00,0.00,0,0
1419358715,s4,0.00,0.00,0.00,0,0,0.00,0.00,0.00,0,0,0.00,0.00,0,0
1419358715,s2-eth2,37584.42,791534.50,829118.88,792326,37622,416.58,398.60,815.18,399,417,0.00,0.00,0,0
1419358715,s2-eth3,0.00,0.00,0.00,0,0,0.00,0.00,0.00,0,0,0.00,0.00,0,0
1419358715,s5,0.00,0.00,0.00,0,0,0.00,0.00,0.00,0,0,0.00,0.00,0,0
1419358715,s3-eth1,0.00,0.00,0.00,0,0,0.00,0.00,0.00,0,0,0.00,0.00,0,0
1419358715,s3-eth3,0.00,0.00,0.00,0,0,0.00,0.00,0.00,0,0,0.00,0.00,0,0
1419358715,eth0,0.00,0.00,0.00,0,0,0.00,0.00,0.00,0,0,0.00,0.00,0,0
1419358715,lo,0.00,0.00,0.00,0,0,0.00,0.00,0.00,0,0,0.00,0.00,0,0
1419358715,s1,0.00,0.00,0.00,0,0,0.00,0.00,0.00,0,0,0.00,0.00,0,0
1419358715,s4-eth1,0.00,0.00,0.00,0,0,0.00,0.00,0.00,0,0,0.00,0.00,0,0
1419358715,s4-eth3,0.00,0.00,0.00,0,0,0.00,0.00,0.00,0,0,0.00,0.00,0,0
1419358715,s2,0.00,0.00,0.00,0,0,0.00,0.00,0.00,0,0,0.00,0.00,0,0
1419358715,s5-eth1,0.00,0.00,0.00,0,0,0.00,0.00,0.00,0,0,0.00,0.00,0,0
1419358715,total,2132841.25,2286713.25,4419554.50,2289000,2134974,2226.77,2235.76,4462.54,2238,2229,0.00,0.00,0,0
1419358716,s1-eth1,1222084.00,27230.77,1249314.75,27258,1223306,412.59,412.59,825.17,413,413,0.00,0.00,0,0
1419358716,s3,0.00,0.00,0.00,0,0,0.00,0.00,0.00,0,0,0.00,0.00,0,0
1419358716,s1-eth3,13648.35,633234.81,646883.12,633868,13662,206.79,213.79,420.58,214,207,0.00,0.00,0,0
1419358716,s1-eth2,13582.42,627316.69,640899.12,627944,13596,205.79,211.79,417.58,212,206,0.00,0.00,0,0
1419358716,s2-eth1,633234.81,13648.35,646883.12,13662,633868,213.79,206.79,420.58,207,214,0.00,0.00,0,0
1419358716,s4,0.00,0.00,0.00,0,0,0.00,0.00,0.00,0,0,0.00,0.00,0,0
1419358716,s2-eth2,13648.35,630275.75,643924.06,630906,13662,206.79,212.79,419.58,213,207,0.00,0.00,0,0
1419358716,s2-eth3,0.00,0.00,0.00,0,0,0.00,0.00,0.00,0,0,0.00,0.00,0,0
1419358716,s5,0.00,0.00,0.00,0,0,0.00,0.00,0.00,0,0,0.00,0.00,0,0
1419358716,s3-eth1,0.00,0.00,0.00,0,0,0.00,0.00,0.00,0,0,0.00,0.00,0,0
1419358716,s3-eth3,0.00,0.00,0.00,0,0,0.00,0.00,0.00,0,0,0.00,0.00,0,0
1419358716,eth0,0.00,0.00,0.00,0,0,0.00,0.00,0.00,0,0,0.00,0.00,0,0
1419358716,lo,0.00,0.00,0.00,0,0,0.00,0.00,0.00,0,0,0.00,0.00,0,0
1419358716,s1,0.00,0.00,0.00,0,0,0.00,0.00,0.00,0,0,0.00,0.00,0,0
1419358716,s4-eth1,0.00,0.00,0.00,0,0,0.00,0.00,0.00,0,0,0.00,0.00,0,0
1419358716,s4-eth3,0.00,0.00,0.00,0,0,0.00,0.00,0.00,0,0,0.00,0.00,0,0
1419358716,s2,0.00,0.00,0.00,0,0,0.00,0.00,0.00,0,0,0.00,0.00,0,0
1419358716,s5-eth1,0.00,0.00,0.00,0,0,0.00,0.00,0.00,0,0,0.00,0.00,0,0
1419358716,total,1894305.50,1929778.50,3824084.00,1933638,1898094,1244.51,1256.49,2501.00,1259,1247,0.00,0.00,0,0
1419358717,s1-eth1,1220864.25,27269.46,1248133.75,27324,1223306,412.18,413.17,825.35,414,413,0.00,0.00,0,0
1419358717,s3,0.00,0.00,0.00,0,0,0.00,0.00,0.00,0,0,0.00,0.00,0,0
1419358717,s1-eth3,13634.73,617822.38,631457.12,619058,13662,206.59,208.58,415.17,209,207,0.00,0.00,0,0
1419358717,s1-eth2,13568.86,623734.56,637303.44,624982,13596,205.59,210.58,416.17,211,206,0.00,0.00,0,0
1419358717,s2-eth1,617822.38,13634.73,631457.12,13662,619058,208.58,206.59,415.17,207,209,0.00,0.00,0,0
1419358717,s4,0.00,0.00,0.00,0,0,0.00,0.00,0.00,0,0,0.00,0.00,0,0
1419358717,s2-eth2,13634.73,617822.38,631457.12,619058,13662,206.59,208.58,415.17,209,207,0.00,0.00,0,0
1419358717,s2-eth3,0.00,0.00,0.00,0,0,0.00,0.00,0.00,0,0,0.00,0.00,0,0
1419358717,s5,0.00,0.00,0.00,0,0,0.00,0.00,0.00,0,0,0.00,0.00,0,0
1419358717,s3-eth1,0.00,0.00,0.00,0,0,0.00,0.00,0.00,0,0,0.00,0.00,0,0
1419358717,s3-eth3,0.00,0.00,0.00,0,0,0.00,0.00,0.00,0,0,0.00,0.00,0,0
1419358717,eth0,0.00,0.00,0.00,0,0,0.00,0.00,0.00,0,0,0.00,0.00,0,0
1419358717,lo,0.00,0.00,0.00,0,0,0.00,0.00,0.00,0,0,0.00,0.00,0,0
1419358717,s1,0.00,0.00,0.00,0,0,0.00,0.00,0.00,0,0,0.00,0.00,0,0
1419358717,s4-eth1,0.00,0.00,0.00,0,0,0.00,0.00,0.00,0,0,0.00,0.00,0,0
1419358717,s4-eth3,0.00,0.00,0.00,0,0,0.00,0.00,0.00,0,0,0.00,0.00,0,0
1419358717,s2,0.00,0.00,0.00,0,0,0.00,0.00,0.00,0,0,0.00,0.00,0,0
1419358717,s5-eth1,0.00,0.00,0.00,0,0,0.00,0.00,0.00,0,0,0.00,0.00,0,0
1419358717,total,1879525.00,1900283.50,3779808.50,1904084,1883284,1239.52,1247.51,2487.03,1250,1242,0.00,0.00,0,0
1419358718,s1-eth1,1225043.00,27230.77,1252273.75,27258,1226268,413.59,412.59,826.17,413,414,0.00,0.00,0,0
1419358718,s3,0.00,0.00,0.00,0,0,0.00,0.00,0.00,0,0,0.00,0.00,0,0
1419358718,s1-eth3,13714.29,621398.62,635112.88,622020,13728,207.79,209.79,417.58,210,208,0.00,0.00,0,0
1419358718,s1-eth2,13582.42,615480.56,629062.94,616096,13596,205.79,207.79,413.59,208,206,0.00,0.00,0,0
1419358718,s2-eth1,621398.62,13714.29,635112.88,13728,622020,209.79,207.79,417.58,208,210,0.00,0.00,0,0
1419358718,s4,0.00,0.00,0.00,0,0,0.00,0.00,0.00,0,0,0.00,0.00,0,0
1419358718,s2-eth2,13714.29,621398.62,635112.88,622020,13728,207.79,209.79,417.58,210,208,0.00,0.00,0,0
1419358718,s2-eth3,0.00,0.00,0.00,0,0,0.00,0.00,0.00,0,0,0.00,0.00,0,0
1419358718,s5,0.00,0.00,0.00,0,0,0.00,0.00,0.00,0,0,0.00,0.00,0,0
1419358718,s3-eth1,0.00,0.00,0.00,0,0,0.00,0.00,0.00,0,0,0.00,0.00,0,0
1419358718,s3-eth3,0.00,0.00,0.00,0,0,0.00,0.00,0.00,0,0,0.00,0.00,0,0
1419358718,eth0,0.00,0.00,0.00,0,0,0.00,0.00,0.00,0,0,0.00,0.00,0,0
1419358718,lo,672.00,672.00,1344.00,672,672,12.00,12.00,24.00,12,12,0.00,0.00,0,0
1419358718,s1,0.00,0.00,0.00,0,0,0.00,0.00,0.00,0,0,0.00,0.00,0,0
1419358718,s4-eth1,0.00,0.00,0.00,0,0,0.00,0.00,0.00,0,0,0.00,0.00,0,0
1419358718,s4-eth3,0.00,0.00,0.00,0,0,0.00,0.00,0.00,0,0,0.00,0.00,0,0
1419358718,s2,0.00,0.00,0.00,0,0,0.00,0.00,0.00,0,0,0.00,0.00,0,0
1419358718,s5-eth1,0.00,0.00,0.00,0,0,0.00,0.00,0.00,0,0,0.00,0.00,0,0
1419358718,total,1890012.00,1901794.00,3791806.00,1901794,1890012,1258.00,1261.00,2519.00,1261,1258,0.00,0.00,0,0
1419358719,s1-eth1,1225043.00,27296.70,1252339.75,27324,1226268,413.59,413.59,827.17,414,414,0.00,0.00,0,0
1419358719,s3,0.00,0.00,0.00,0,0,0.00,0.00,0.00,0,0,0.00,0.00,0,0
1419358719,s1-eth3,13648.35,612521.50,626169.88,613134,13662,206.79,206.79,413.59,207,207,0.00,0.00,0,0
1419358719,s1-eth2,13648.35,609562.44,623210.81,610172,13662,206.79,205.79,412.59,206,207,0.00,0.00,0,0
1419358719,s2-eth1,612521.50,13648.35,626169.88,13662,613134,206.79,206.79,413.59,207,207,0.00,0.00,0,0
1419358719,s4,0.00,0.00,0.00,0,0,0.00,0.00,0.00,0,0,0.00,0.00,0,0
1419358719,s2-eth2,13648.35,615480.56,629128.88,616096,13662,206.79,207.79,414.59,208,207,0.00,0.00,0,0
1419358719,s2-eth3,0.00,0.00,0.00,0,0,0.00,0.00,0.00,0,0,0.00,0.00,0,0
1419358719,s5,0.00,0.00,0.00,0,0,0.00,0.00,0.00,0,0,0.00,0.00,0,0
1419358719,s3-eth1,0.00,0.00,0.00,0,0,0.00,0.00,0.00,0,0,0.00,0.00,0,0
1419358719,s3-eth3,0.00,0.00,0.00,0,0,0.00,0.00,0.00,0,0,0.00,0.00,0,0
1419358719,eth0,0.00,0.00,0.00,0,0,0.00,0.00,0.00,0,0,0.00,0.00,0,0
1419358719,lo,343.31,343.31,686.63,344,344,5.99,5.99,11.98,6,6,0.00,0.00,0,0
1419358719,s1,0.00,0.00,0.00,0,0,0.00,0.00,0.00,0,0,0.00,0.00,0,0
1419358719,s4-eth1,0.00,0.00,0.00,0,0,0.00,0.00,0.00,0,0,0.00,0.00,0,0
1419358719,s4-eth3,0.00,0.00,0.00,0,0,0.00,0.00,0.00,0,0,0.00,0.00,0,0
1419358719,s2,0.00,0.00,0.00,0,0,0.00,0.00,0.00,0,0,0.00,0.00,0,0
1419358719,s5-eth1,0.00,0.00,0.00,0,0,0.00,0.00,0.00,0,0,0.00,0.00,0,0
1419358719,total,1876978.12,1876978.12,3753956.25,1880732,1880732,1245.51,1245.51,2491.02,1248,1248,0.00,0.00,0,0
1419358720,s1-eth1,1223306.00,27258.00,1250564.00,27258,1223306,413.00,413.00,826.00,413,413,0.00,0.00,0,0
1419358720,s3,0.00,0.00,0.00,0,0,0.00,0.00,0.00,0,0,0.00,0.00,0,0
1419358720,s1-eth3,13662.00,610172.00,623834.00,610172,13662,207.00,206.00,413.00,206,207,0.00,0.00,0,0
1419358720,s1-eth2,13596.00,613134.00,626730.00,613134,13596,206.00,207.00,413.00,207,206,0.00,0.00,0,0
1419358720,s2-eth1,610172.00,13662.00,623834.00,13662,610172,206.00,207.00,413.00,207,206,0.00,0.00,0,0
1419358720,s4,0.00,0.00,0.00,0,0,0.00,0.00,0.00,0,0,0.00,0.00,0,0
1419358720,s2-eth2,13596.00,610172.00,623768.00,610172,13596,206.00,206.00,412.00,206,206,0.00,0.00,0,0
1419358720,s2-eth3,0.00,0.00,0.00,0,0,0.00,0.00,0.00,0,0,0.00,0.00,0,0
1419358720,s5,0.00,0.00,0.00,0,0,0.00,0.00,0.00,0,0,0.00,0.00,0,0
1419358720,s3-eth1,0.00,0.00,0.00,0,0,0.00,0.00,0.00,0,0,0.00,0.00,0,0
1419358720,s3-eth3,0.00,0.00,0.00,0,0,0.00,0.00,0.00,0,0,0.00,0.00,0,0
1419358720,eth0,0.00,0.00,0.00,0,0,0.00,0.00,0.00,0,0,0.00,0.00,0,0
1419358720,lo,0.00,0.00,0.00,0,0,0.00,0.00,0.00,0,0,0.00,0.00,0,0
1419358720,s1,0.00,0.00,0.00,0,0,0.00,0.00,0.00,0,0,0.00,0.00,0,0
1419358720,s4-eth1,0.00,0.00,0.00,0,0,0.00,0.00,0.00,0,0,0.00,0.00,0,0
1419358720,s4-eth3,0.00,0.00,0.00,0,0,0.00,0.00,0.00,0,0,0.00,0.00,0,0
1419358720,s2,0.00,0.00,0.00,0,0,0.00,0.00,0.00,0,0,0.00,0.00,0,0
1419358720,s5-eth1,0.00,0.00,0.00,0,0,0.00,0.00,0.00,0,0,0.00,0.00,0,0
1419358720,total,1874332.00,1874398.00,3748730.00,1874398,1874332,1238.00,1239.00,2477.00,1239,1238,0.00,0.00,0,0
1419358721,s1-eth1,1222084.00,27230.77,1249314.75,27258,1223306,412.59,412.59,825.17,413,413,0.00,0.00,0,0
1419358721,s3,0.00,0.00,0.00,0,0,0.00,0.00,0.00,0,0,0.00,0.00,0,0
1419358721,s1-eth3,13516.48,615480.56,628997.00,616096,13530,204.80,207.79,412.59,208,205,0.00,0.00,0,0
1419358721,s1-eth2,13714.29,618439.56,632153.88,619058,13728,207.79,208.79,416.58,209,208,0.00,0.00,0,0
1419358721,s2-eth1,615480.56,13516.48,628997.00,13530,616096,207.79,204.80,412.59,205,208,0.00,0.00,0,0
1419358721,s4,0.00,0.00,0.00,0,0,0.00,0.00,0.00,0,0,0.00,0.00,0,0
1419358721,s2-eth2,13582.42,612521.50,626103.94,613134,13596,205.79,206.79,412.59,207,206,0.00,0.00,0,0
1419358721,s2-eth3,0.00,0.00,0.00,0,0,0.00,0.00,0.00,0,0,0.00,0.00,0,0
1419358721,s5,0.00,0.00,0.00,0,0,0.00,0.00,0.00,0,0,0.00,0.00,0,0
1419358721,s3-eth1,0.00,0.00,0.00,0,0,0.00,0.00,0.00,0,0,0.00,0.00,0,0
1419358721,s3-eth3,0.00,0.00,0.00,0,0,0.00,0.00,0.00,0,0,0.00,0.00,0,0
1419358721,eth0,0.00,0.00,0.00,0,0,0.00,0.00,0.00,0,0,0.00,0.00,0,0
1419358721,lo,0.00,0.00,0.00,0,0,0.00,0.00,0.00,0,0,0.00,0.00,0,0
1419358721,s1,0.00,0.00,0.00,0,0,0.00,0.00,0.00,0,0,0.00,0.00,0,0
1419358721,s4-eth1,0.00,0.00,0.00,0,0,0.00,0.00,0.00,0,0,0.00,0.00,0,0
1419358721,s4-eth3,0.00,0.00,0.00,0,0,0.00,0.00,0.00,0,0,0.00,0.00,0,0
1419358721,s2,0.00,0.00,0.00,0,0,0.00,0.00,0.00,0,0,0.00,0.00,0,0
1419358721,s5-eth1,0.00,0.00,0.00,0,0,0.00,0.00,0.00,0,0,0.00,0.00,0,0
1419358721,total,1878377.62,1887188.88,3765566.50,1889076,1880256,1238.76,1240.76,2479.52,1242,1240,0.00,0.00,0,0
1419358722,s1-eth1,1223306.00,27258.00,1250564.00,27258,1223306,413.00,413.00,826.00,413,413,0.00,0.00,0,0
1419358722,s3,0.00,0.00,0.00,0,0,0.00,0.00,0.00,0,0,0.00,0.00,0,0
1419358722,s1-eth3,13728.00,624982.00,638710.00,624982,13728,208.00,211.00,419.00,211,208,0.00,0.00,0,0
1419358722,s1-eth2,13516.48,618439.56,631956.06,619058,13530,204.80,208.79,413.59,209,205,0.00,0.00,0,0
1419358722,s2-eth1,624357.69,13714.29,638071.94,13728,624982,210.79,207.79,418.58,208,211,0.00,0.00,0,0
1419358722,s4,0.00,0.00,0.00,0,0,0.00,0.00,0.00,0,0,0.00,0.00,0,0
1419358722,s2-eth2,13700.60,623734.56,637435.12,624982,13728,207.58,210.58,418.16,211,208,0.00,0.00,0,0
1419358722,s2-eth3,0.00,0.00,0.00,0,0,0.00,0.00,0.00,0,0,0.00,0.00,0,0
1419358722,s5,0.00,0.00,0.00,0,0,0.00,0.00,0.00,0,0,0.00,0.00,0,0
1419358722,s3-eth1,0.00,0.00,0.00,0,0,0.00,0.00,0.00,0,0,0.00,0.00,0,0
1419358722,s3-eth3,0.00,0.00,0.00,0,0,0.00,0.00,0.00,0,0,0.00,0.00,0,0
1419358722,eth0,0.00,0.00,0.00,0,0,0.00,0.00,0.00,0,0,0.00,0.00,0,0
1419358722,lo,0.00,0.00,0.00,0,0,0.00,0.00,0.00,0,0,0.00,0.00,0,0
1419358722,s1,0.00,0.00,0.00,0,0,0.00,0.00,0.00,0,0,0.00,0.00,0,0
1419358722,s4-eth1,0.00,0.00,0.00,0,0,0.00,0.00,0.00,0,0,0.00,0.00,0,0
1419358722,s4-eth3,0.00,0.00,0.00,0,0,0.00,0.00,0.00,0,0,0.00,0.00,0,0
1419358722,s2,0.00,0.00,0.00,0,0,0.00,0.00,0.00,0,0,0.00,0.00,0,0
1419358722,s5-eth1,0.00,0.00,0.00,0,0,0.00,0.00,0.00,0,0,0.00,0.00,0,0
1419358722,total,1885503.00,1906195.62,3791698.75,1910008,1889274,1242.52,1249.50,2492.02,1252,1245,0.00,0.00,0,0
1419358723,s1-eth1,1223820.38,27269.46,1251089.88,27324,1226268,413.17,413.17,826.35,414,414,0.00,0.00,0,0
1419358723,s3,0.00,0.00,0.00,0,0,0.00,0.00,0.00,0,0,0.00,0.00,0,0
1419358723,s1-eth3,13502.99,626690.62,640193.62,627944,13530,204.59,211.58,416.17,212,205,0.00,0.00,0,0
1419358723,s1-eth2,13780.22,636193.81,649974.06,636830,13794,208.79,214.79,423.58,215,209,0.00,0.00,0,0
1419358723,s2-eth1,627316.69,13516.48,640833.19,13530,627944,211.79,204.80,416.58,205,212,0.00,0.00,0,0
1419358723,s4,0.00,0.00,0.00,0,0,0.00,0.00,0.00,0,0,0.00,0.00,0,0
1419358723,s2-eth2,13502.99,629646.75,643149.69,630906,13530,204.59,212.57,417.17,213,205,0.00,0.00,0,0
1419358723,s2-eth3,0.00,0.00,0.00,0,0,0.00,0.00,0.00,0,0,0.00,0.00,0,0
1419358723,s5,0.00,0.00,0.00,0,0,0.00,0.00,0.00,0,0,0.00,0.00,0,0
1419358723,s3-eth1,0.00,0.00,0.00,0,0,0.00,0.00,0.00,0,0,0.00,0.00,0,0
1419358723,s3-eth3,0.00,0.00,0.00,0,0,0.00,0.00,0.00,0,0,0.00,0.00,0,0
1419358723,eth0,0.00,0.00,0.00,0,0,0.00,0.00,0.00,0,0,0.00,0.00,0,0
1419358723,lo,514.97,514.97,1029.94,516,516,8.98,8.98,17.96,9,9,0.00,0.00,0,0
1419358723,s1,0.00,0.00,0.00,0,0,0.00,0.00,0.00,0,0,0.00,0.00,0,0
1419358723,s4-eth1,0.00,0.00,0.00,0,0,0.00,0.00,0.00,0,0,0.00,0.00,0,0
1419358723,s4-eth3,0.00,0.00,0.00,0,0,0.00,0.00,0.00,0,0,0.00,0.00,0,0
1419358723,s2,0.00,0.00,0.00,0,0,0.00,0.00,0.00,0,0,0.00,0.00,0,0
1419358723,s5-eth1,0.00,0.00,0.00,0,0,0.00,0.00,0.00,0,0,0.00,0.00,0,0
1419358723,total,1891798.50,1933183.62,3824982.25,1937050,1895582,1251.50,1265.47,2516.97,1268,1254,0.00,0.00,0,0
1419358724,s1-eth1,1223820.38,27269.46,1251089.88,27324,1226268,413.17,413.17,826.35,414,414,0.00,0.00,0,0
1419358724,s3,0.00,0.00,0.00,0,0,0.00,0.00,0.00,0,0,0.00,0.00,0,0
1419358724,s1-eth3,13502.99,641471.06,654974.06,642754,13530,204.59,216.57,421.16,217,205,0.00,0.00,0,0
1419358724,s1-eth2,13700.60,650339.31,664039.94,651640,13728,207.58,219.56,427.15,220,208,0.00,0.00,0,0
1419358724,s2-eth1,641471.06,13502.99,654974.06,13530,642754,216.57,204.59,421.16,205,217,0.00,0.00,0,0
1419358724,s4,0.00,0.00,0.00,0,0,0.00,0.00,0.00,0,0,0.00,0.00,0,0
1419358724,s2-eth2,13530.00,639792.00,653322.00,639792,13530,205.00,216.00,421.00,216,205,0.00,0.00,0,0
1419358724,s2-eth3,0.00,0.00,0.00,0,0,0.00,0.00,0.00,0,0,0.00,0.00,0,0
1419358724,s5,0.00,0.00,0.00,0,0,0.00,0.00,0.00,0,0,0.00,0.00,0,0
1419358724,s3-eth1,0.00,0.00,0.00,0,0,0.00,0.00,0.00,0,0,0.00,0.00,0,0
1419358724,s3-eth3,0.00,0.00,0.00,0,0,0.00,0.00,0.00,0,0,0.00,0.00,0,0
1419358724,eth0,0.00,0.00,0.00,0,0,0.00,0.00,0.00,0,0,0.00,0.00,0,0
1419358724,lo,344.00,344.00,688.00,344,344,6.00,6.00,12.00,6,6,0.00,0.00,0,0
1419358724,s1,0.00,0.00,0.00,0,0,0.00,0.00,0.00,0,0,0.00,0.00,0,0
1419358724,s4-eth1,0.00,0.00,0.00,0,0,0.00,0.00,0.00,0,0,0.00,0.00,0,0
1419358724,s4-eth3,0.00,0.00,0.00,0,0,0.00,0.00,0.00,0,0,0.00,0.00,0,0
1419358724,s2,0.00,0.00,0.00,0,0,0.00,0.00,0.00,0,0,0.00,0.00,0,0
1419358724,s5-eth1,0.00,0.00,0.00,0,0,0.00,0.00,0.00,0,0,0.00,0.00,0,0
1419358724,total,1908245.75,1973410.62,3881656.50,1975384,1910154,1253.75,1276.72,2530.47,1278,1255,0.00,0.00,0,0
1419358725,s1-eth1,1222084.00,27230.77,1249314.75,27258,1223306,412.59,412.59,825.17,413,413,0.00,0.00,0,0
1419358725,s3,0.00,0.00,0.00,0,0,0.00,0.00,0.00,0,0,0.00,0.00,0,0
1419358725,s1-eth3,13780.22,665784.25,679564.44,666450,13794,208.79,224.78,433.57,225,209,0.00,0.00,0,0
1419358725,s1-eth2,13516.48,648030.00,661546.50,648678,13530,204.80,218.78,423.58,219,205,0.00,0.00,0,0
1419358725,s2-eth1,665784.25,13780.22,679564.44,13794,666450,224.78,208.79,433.57,209,225,0.00,0.00,0,0
1419358725,s4,0.00,0.00,0.00,0,0,0.00,0.00,0.00,0,0,0.00,0.00,0,0
1419358725,s2-eth2,13780.22,668743.25,682523.50,669412,13794,208.79,225.77,434.57,226,209,0.00,0.00,0,0
1419358725,s2-eth3,0.00,0.00,0.00,0,0,0.00,0.00,0.00,0,0,0.00,0.00,0,0
1419358725,s5,0.00,0.00,0.00,0,0,0.00,0.00,0.00,0,0,0.00,0.00,0,0
1419358725,s3-eth1,0.00,0.00,0.00,0,0,0.00,0.00,0.00,0,0,0.00,0.00,0,0
1419358725,s3-eth3,0.00,0.00,0.00,0,0,0.00,0.00,0.00,0,0,0.00,0.00,0,0
1419358725,eth0,0.00,0.00,0.00,0,0,0.00,0.00,0.00,0,0,0.00,0.00,0,0
1419358725,lo,0.00,0.00,0.00,0,0,0.00,0.00,0.00,0,0,0.00,0.00,0,0
1419358725,s1,0.00,0.00,0.00,0,0,0.00,0.00,0.00,0,0,0.00,0.00,0,0
1419358725,s4-eth1,0.00,0.00,0.00,0,0,0.00,0.00,0.00,0,0,0.00,0.00,0,0
1419358725,s4-eth3,0.00,0.00,0.00,0,0,0.00,0.00,0.00,0,0,0.00,0.00,0,0
1419358725,s2,0.00,0.00,0.00,0,0,0.00,0.00,0.00,0,0,0.00,0.00,0,0
1419358725,s5-eth1,0.00,0.00,0.00,0,0,0.00,0.00,0.00,0,0,0.00,0.00,0,0
1419358725,total,1930874.00,2025592.00,3956466.00,2025592,1930874,1261.00,1292.00,2553.00,1292,1261,0.00,0.00,0,0
1419358726,s1-eth1,1231028.00,47520.00,1278548.00,47520,1231028,530.00,530.00,1060.00,530,530,0.00,0.00,0,0
1419358726,s3,0.00,0.00,0.00,0,0,0.00,0.00,0.00,0,0,0.00,0.00,0,0
1419358726,s1-eth3,25586.00,594000.00,619586.00,594000,25586,285.00,312.00,597.00,312,285,0.00,0.00,0,0
1419358726,s1-eth2,21840.00,621784.00,643624.00,621784,21840,244.00,360.00,604.00,360,244,0.00,0.00,0,0
1419358726,s2-eth1,594000.00,25586.00,619586.00,25586,594000,312.00,285.00,597.00,285,312,0.00,0.00,0,0
1419358726,s4,0.00,0.00,0.00,0,0,0.00,0.00,0.00,0,0,0.00,0.00,0,0
1419358726,s2-eth2,25586.00,591038.00,616624.00,591038,25586,285.00,311.00,596.00,311,285,0.00,0.00,0,0
1419358726,s2-eth3,0.00,0.00,0.00,0,0,0.00,0.00,0.00,0,0,0.00,0.00,0,0
1419358726,s5,0.00,0.00,0.00,0,0,0.00,0.00,0.00,0,0,0.00,0.00,0,0
1419358726,s3-eth1,0.00,0.00,0.00,0,0,0.00,0.00,0.00,0,0,0.00,0.00,0,0
1419358726,s3-eth3,0.00,0.00,0.00,0,0,0.00,0.00,0.00,0,0,0.00,0.00,0,0
1419358726,eth0,0.00,0.00,0.00,0,0,0.00,0.00,0.00,0,0,0.00,0.00,0,0
1419358726,lo,0.00,0.00,0.00,0,0,0.00,0.00,0.00,0,0,0.00,0.00,0,0
1419358726,s1,0.00,0.00,0.00,0,0,0.00,0.00,0.00,0,0,0.00,0.00,0,0
1419358726,s4-eth1,0.00,0.00,0.00,0,0,0.00,0.00,0.00,0,0,0.00,0.00,0,0
1419358726,s4-eth3,0.00,0.00,0.00,0,0,0.00,0.00,0.00,0,0,0.00,0.00,0,0
1419358726,s2,0.00,0.00,0.00,0,0,0.00,0.00,0.00,0,0,0.00,0.00,0,0
1419358726,s5-eth1,0.00,0.00,0.00,0,0,0.00,0.00,0.00,0,0,0.00,0.00,0,0
1419358726,total,1898040.00,1879928.00,3777968.00,1879928,1898040,1656.00,1798.00,3454.00,1798,1656,0.00,0.00,0,0
1419358727,s1-eth1,1247924.00,72812.00,1320736.00,72812,1247924,786.00,786.00,1572.00,786,786,0.00,0.00,0,0
1419358727,s3,0.00,0.00,0.00,0,0,0.00,0.00,0.00,0,0,0.00,0.00,0,0
1419358727,s1-eth3,32172.00,538390.00,570562.00,538390,32172,348.00,347.00,695.00,347,348,0.00,0.00,0,0
1419358727,s1-eth2,40668.00,784710.00,825378.00,784710,40668,438.00,503.00,941.00,503,438,0.00,0.00,0,0
1419358727,s2-eth1,538390.00,32172.00,570562.00,32172,538390,347.00,348.00,695.00,348,347,0.00,0.00,0,0
1419358727,s4,0.00,0.00,0.00,0,0,0.00,0.00,0.00,0,0,0.00,0.00,0,0
1419358727,s2-eth2,32172.00,538390.00,570562.00,538390,32172,348.00,347.00,695.00,347,348,0.00,0.00,0,0
1419358727,s2-eth3,0.00,0.00,0.00,0,0,0.00,0.00,0.00,0,0,0.00,0.00,0,0
1419358727,s5,0.00,0.00,0.00,0,0,0.00,0.00,0.00,0,0,0.00,0.00,0,0
1419358727,s3-eth1,0.00,0.00,0.00,0,0,0.00,0.00,0.00,0,0,0.00,0.00,0,0
1419358727,s3-eth3,0.00,0.00,0.00,0,0,0.00,0.00,0.00,0,0,0.00,0.00,0,0
1419358727,eth0,0.00,0.00,0.00,0,0,0.00,0.00,0.00,0,0,0.00,0.00,0,0
1419358727,lo,0.00,0.00,0.00,0,0,0.00,0.00,0.00,0,0,0.00,0.00,0,0
1419358727,s1,0.00,0.00,0.00,0,0,0.00,0.00,0.00,0,0,0.00,0.00,0,0
1419358727,s4-eth1,0.00,0.00,0.00,0,0,0.00,0.00,0.00,0,0,0.00,0.00,0,0
1419358727,s4-eth3,0.00,0.00,0.00,0,0,0.00,0.00,0.00,0,0,0.00,0.00,0,0
1419358727,s2,0.00,0.00,0.00,0,0,0.00,0.00,0.00,0,0,0.00,0.00,0,0
1419358727,s5-eth1,0.00,0.00,0.00,0,0,0.00,0.00,0.00,0,0,0.00,0.00,0,0
1419358727,total,1889436.62,1964509.50,3853946.25,1966474,1891326,2264.74,2328.67,4593.41,2331,2267,0.00,0.00,0,0
1419358728,s1-eth1,1229287.50,27730.54,1257018.00,27786,1231746,496.01,420.16,916.17,421,497,0.00,0.00,0,0
1419358728,s3,0.00,0.00,0.00,0,0,0.00,0.00,0.00,0,0,0.00,0.00,0,0
1419358728,s1-eth3,11000.00,502534.94,513534.94,503540,11022,166.67,169.66,336.33,170,167,0.00,0.00,0,0
1419358728,s1-eth2,16796.41,753802.44,770598.81,755310,16830,254.49,254.49,508.98,255,255,0.00,0.00,0,0
1419358728,s2-eth1,502534.94,11000.00,513534.94,11022,503540,169.66,166.67,336.33,167,170,0.00,0.00,0,0
1419358728,s4,0.00,0.00,0.00,0,0,0.00,0.00,0.00,0,0,0.00,0.00,0,0
1419358728,s2-eth2,11000.00,502534.94,513534.94,503540,11022,166.67,169.66,336.33,170,167,0.00,0.00,0,0
1419358728,s2-eth3,0.00,0.00,0.00,0,0,0.00,0.00,0.00,0,0,0.00,0.00,0,0
1419358728,s5,0.00,0.00,0.00,0,0,0.00,0.00,0.00,0,0,0.00,0.00,0,0
1419358728,s3-eth1,0.00,0.00,0.00,0,0,0.00,0.00,0.00,0,0,0.00,0.00,0,0
1419358728,s3-eth3,0.00,0.00,0.00,0,0,0.00,0.00,0.00,0,0,0.00,0.00,0,0
1419358728,eth0,0.00,0.00,0.00,0,0,0.00,0.00,0.00,0,0,0.00,0.00,0,0
1419358728,lo,515.48,515.48,1030.97,516,516,8.99,8.99,17.98,9,9,0.00,0.00,0,0
1419358728,s1,0.00,0.00,0.00,0,0,0.00,0.00,0.00,0,0,0.00,0.00,0,0
1419358728,s4-eth1,0.00,0.00,0.00,0,0,0.00,0.00,0.00,0,0,0.00,0.00,0,0
1419358728,s4-eth3,0.00,0.00,0.00,0,0,0.00,0.00,0.00,0,0,0.00,0.00,0,0
1419358728,s2,0.00,0.00,0.00,0,0,0.00,0.00,0.00,0,0,0.00,0.00,0,0
1419358728,s5-eth1,0.00,0.00,0.00,0,0,0.00,0.00,0.00,0,0,0.00,0.00,0,0
1419358728,total,1772903.12,1799914.12,3572817.25,1801714,1774676,1263.74,1190.81,2454.55,1192,1265,0.00,0.00,0,0
1419358729,s1-eth1,1222084.00,27230.77,1249314.75,27258,1223306,412.59,412.59,825.17,413,413,0.00,0.00,0,0
1419358729,s3,0.00,0.00,0.00,0,0,0.00,0.00,0.00,0,0,0.00,0.00,0,0
1419358729,s1-eth3,11208.79,508955.06,520163.84,509464,11220,169.83,171.83,341.66,172,170,0.00,0.00,0,0
1419358729,s1-eth2,15956.04,727924.12,743880.12,728652,15972,241.76,245.75,487.51,246,242,0.00,0.00,0,0
1419358729,s2-eth1,508955.06,11208.79,520163.84,11220,509464,171.83,169.83,341.66,170,172,0.00,0.00,0,0
1419358729,s4,0.00,0.00,0.00,0,0,0.00,0.00,0.00,0,0,0.00,0.00,0,0
1419358729,s2-eth2,11208.79,508955.06,520163.84,509464,11220,169.83,171.83,341.66,172,170,0.00,0.00,0,0
1419358729,s2-eth3,0.00,0.00,0.00,0,0,0.00,0.00,0.00,0,0,0.00,0.00,0,0
1419358729,s5,0.00,0.00,0.00,0,0,0.00,0.00,0.00,0,0,0.00,0.00,0,0
1419358729,s3-eth1,0.00,0.00,0.00,0,0,0.00,0.00,0.00,0,0,0.00,0.00,0,0
1419358729,s3-eth3,0.00,0.00,0.00,0,0,0.00,0.00,0.00,0,0,0.00,0.00,0,0
1419358729,eth0,0.00,0.00,0.00,0,0,0.00,0.00,0.00,0,0,0.00,0.00,0,0
1419358729,lo,343.66,343.66,687.31,344,344,5.99,5.99,11.99,6,6,0.00,0.00,0,0
1419358729,s1,0.00,0.00,0.00,0,0,0.00,0.00,0.00,0,0,0.00,0.00,0,0
1419358729,s4-eth1,0.00,0.00,0.00,0,0,0.00,0.00,0.00,0,0,0.00,0.00,0,0
1419358729,s4-eth3,0.00,0.00,0.00,0,0,0.00,0.00,0.00,0,0,0.00,0.00,0,0
1419358729,s2,0.00,0.00,0.00,0,0,0.00,0.00,0.00,0,0,0.00,0.00,0,0
1419358729,s5-eth1,0.00,0.00,0.00,0,0,0.00,0.00,0.00,0,0,0.00,0.00,0,0
1419358729,total,1769756.25,1784617.38,3554373.75,1786402,1771526,1171.83,1177.82,2349.65,1179,1173,0.00,0.00,0,0
1419358730,s1-eth1,1223306.00,27258.00,1250564.00,27258,1223306,413.00,413.00,826.00,413,413,0.00,0.00,0,0
1419358730,s3,0.00,0.00,0.00,0,0,0.00,0.00,0.00,0,0,0.00,0.00,0,0
1419358730,s1-eth3,11352.00,512426.00,523778.00,512426,11352,172.00,173.00,345.00,173,172,0.00,0.00,0,0
1419358730,s1-eth2,15956.04,719047.00,735003.00,719766,15972,241.76,242.76,484.52,243,242,0.00,0.00,0,0
1419358730,s2-eth1,511914.09,11340.66,523254.75,11352,512426,172.83,171.83,344.66,172,173,0.00,0.00,0,0
1419358730,s4,0.00,0.00,0.00,0,0,0.00,0.00,0.00,0,0,0.00,0.00,0,0
1419358730,s2-eth2,11340.66,511914.09,523254.75,512426,11352,171.83,172.83,344.66,173,172,0.00,0.00,0,0
1419358730,s2-eth3,0.00,0.00,0.00,0,0,0.00,0.00,0.00,0,0,0.00,0.00,0,0
1419358730,s5,0.00,0.00,0.00,0,0,0.00,0.00,0.00,0,0,0.00,0.00,0,0
1419358730,s3-eth1,0.00,0.00,0.00,0,0,0.00,0.00,0.00,0,0,0.00,0.00,0,0
1419358730,s3-eth3,0.00,0.00,0.00,0,0,0.00,0.00,0.00,0,0,0.00,0.00,0,0
1419358730,eth0,0.00,0.00,0.00,0,0,0.00,0.00,0.00,0,0,0.00,0.00,0,0
1419358730,lo,0.00,0.00,0.00,0,0,0.00,0.00,0.00,0,0,0.00,0.00,0,0
1419358730,s1,0.00,0.00,0.00,0,0,0.00,0.00,0.00,0,0,0.00,0.00,0,0
1419358730,s4-eth1,0.00,0.00,0.00,0,0,0.00,0.00,0.00,0,0,0.00,0.00,0,0
1419358730,s4-eth3,0.00,0.00,0.00,0,0,0.00,0.00,0.00,0,0,0.00,0.00,0,0
1419358730,s2,0.00,0.00,0.00,0,0,0.00,0.00,0.00,0,0,0.00,0.00,0,0
1419358730,s5-eth1,0.00,0.00,0.00,0,0,0.00,0.00,0.00,0,0,0.00,0.00,0,0
1419358730,total,1772635.38,1781446.62,3554082.00,1783228,1774408,1170.83,1172.83,2343.66,1174,1172,0.00,0.00,0,0
1419358731,s1-eth1,1223306.00,27324.00,1250630.00,27324,1223306,413.00,414.00,827.00,414,413,0.00,0.00,0,0
1419358731,s3,0.00,0.00,0.00,0,0,0.00,0.00,0.00,0,0,0.00,0.00,0,0
1419358731,s1-eth3,11286.00,506502.00,517788.00,506502,11286,171.00,171.00,342.00,171,171,0.00,0.00,0,0
1419358731,s1-eth2,15972.00,719766.00,735738.00,719766,15972,242.00,243.00,485.00,243,242,0.00,0.00,0,0
1419358731,s2-eth1,506502.00,11286.00,517788.00,11286,506502,171.00,171.00,342.00,171,171,0.00,0.00,0,0
1419358731,s4,0.00,0.00,0.00,0,0,0.00,0.00,0.00,0,0,0.00,0.00,0,0
1419358731,s2-eth2,11286.00,506502.00,517788.00,506502,11286,171.00,171.00,342.00,171,171,0.00,0.00,0,0
1419358731,s2-eth3,0.00,0.00,0.00,0,0,0.00,0.00,0.00,0,0,0.00,0.00,0,0
1419358731,s5,0.00,0.00,0.00,0,0,0.00,0.00,0.00,0,0,0.00,0.00,0,0
1419358731,s3-eth1,0.00,0.00,0.00,0,0,0.00,0.00,0.00,0,0,0.00,0.00,0,0
1419358731,s3-eth3,0.00,0.00,0.00,0,0,0.00,0.00,0.00,0,0,0.00,0.00,0,0
1419358731,eth0,0.00,0.00,0.00,0,0,0.00,0.00,0.00,0,0,0.00,0.00,0,0
1419358731,lo,0.00,0.00,0.00,0,0,0.00,0.00,0.00,0,0,0.00,0.00,0,0
1419358731,s1,0.00,0.00,0.00,0,0,0.00,0.00,0.00,0,0,0.00,0.00,0,0
1419358731,s4-eth1,0.00,0.00,0.00,0,0,0.00,0.00,0.00,0,0,0.00,0.00,0,0
1419358731,s4-eth3,0.00,0.00,0.00,0,0,0.00,0.00,0.00,0,0,0.00,0.00,0,0
1419358731,s2,0.00,0.00,0.00,0,0,0.00,0.00,0.00,0,0,0.00,0.00,0,0
1419358731,s5-eth1,0.00,0.00,0.00,0,0,0.00,0.00,0.00,0,0,0.00,0.00,0,0
1419358731,total,1768352.00,1771380.00,3539732.00,1771380,1768352,1168.00,1170.00,2338.00,1170,1168,0.00,0.00,0,0
1419358732,s1-eth1,1223306.00,27258.00,1250564.00,27258,1223306,413.00,413.00,826.00,413,413,0.00,0.00,0,0
1419358732,s3,0.00,0.00,0.00,0,0,0.00,0.00,0.00,0,0,0.00,0.00,0,0
1419358732,s1-eth3,11154.00,497616.00,508770.00,497616,11154,169.00,168.00,337.00,168,169,0.00,0.00,0,0
1419358732,s1-eth2,16104.00,722728.00,738832.00,722728,16104,244.00,244.00,488.00,244,244,0.00,0.00,0,0
1419358732,s2-eth1,497616.00,11154.00,508770.00,11154,497616,168.00,169.00,337.00,169,168,0.00,0.00,0,0
1419358732,s4,0.00,0.00,0.00,0,0,0.00,0.00,0.00,0,0,0.00,0.00,0,0
1419358732,s2-eth2,11154.00,500578.00,511732.00,500578,11154,169.00,169.00,338.00,169,169,0.00,0.00,0,0
1419358732,s2-eth3,0.00,0.00,0.00,0,0,0.00,0.00,0.00,0,0,0.00,0.00,0,0
1419358732,s5,0.00,0.00,0.00,0,0,0.00,0.00,0.00,0,0,0.00,0.00,0,0
1419358732,s3-eth1,0.00,0.00,0.00,0,0,0.00,0.00,0.00,0,0,0.00,0.00,0,0
1419358732,s3-eth3,0.00,0.00,0.00,0,0,0.00,0.00,0.00,0,0,0.00,0.00,0,0
1419358732,eth0,0.00,0.00,0.00,0,0,0.00,0.00,0.00,0,0,0.00,0.00,0,0
1419358732,lo,0.00,0.00,0.00,0,0,0.00,0.00,0.00,0,0,0.00,0.00,0,0
1419358732,s1,0.00,0.00,0.00,0,0,0.00,0.00,0.00,0,0,0.00,0.00,0,0
1419358732,s4-eth1,0.00,0.00,0.00,0,0,0.00,0.00,0.00,0,0,0.00,0.00,0,0
1419358732,s4-eth3,0.00,0.00,0.00,0,0,0.00,0.00,0.00,0,0,0.00,0.00,0,0
1419358732,s2,0.00,0.00,0.00,0,0,0.00,0.00,0.00,0,0,0.00,0.00,0,0
1419358732,s5-eth1,0.00,0.00,0.00,0,0,0.00,0.00,0.00,0,0,0.00,0.00,0,0
1419358732,total,1757576.50,1757576.50,3515153.00,1759334,1759334,1161.84,1161.84,2323.68,1163,1163,0.00,0.00,0,0
1419358733,s1-eth1,1225043.00,27230.77,1252273.75,27258,1226268,413.59,412.59,826.17,413,414,0.00,0.00,0,0
1419358733,s3,0.00,0.00,0.00,0,0,0.00,0.00,0.00,0,0,0.00,0.00,0,0
1419358733,s1-eth3,10945.06,500077.94,511023.00,500578,10956,165.83,168.83,334.67,169,166,0.00,0.00,0,0
1419358733,s1-eth2,16351.65,733842.19,750193.81,734576,16368,247.75,247.75,495.50,248,248,0.00,0.00,0,0
1419358733,s2-eth1,500077.94,10945.06,511023.00,10956,500578,168.83,165.83,334.67,166,169,0.00,0.00,0,0
1419358733,s4,0.00,0.00,0.00,0,0,0.00,0.00,0.00,0,0,0.00,0.00,0,0
1419358733,s2-eth2,10945.06,500077.94,511023.00,500578,10956,165.83,168.83,334.67,169,166,0.00,0.00,0,0
1419358733,s2-eth3,0.00,0.00,0.00,0,0,0.00,0.00,0.00,0,0,0.00,0.00,0,0
1419358733,s5,0.00,0.00,0.00,0,0,0.00,0.00,0.00,0,0,0.00,0.00,0,0
1419358733,s3-eth1,0.00,0.00,0.00,0,0,0.00,0.00,0.00,0,0,0.00,0.00,0,0
1419358733,s3-eth3,0.00,0.00,0.00,0,0,0.00,0.00,0.00,0,0,0.00,0.00,0,0
1419358733,eth0,0.00,0.00,0.00,0,0,0.00,0.00,0.00,0,0,0.00,0.00,0,0
1419358733,lo,515.48,515.48,1030.97,516,516,8.99,8.99,17.98,9,9,0.00,0.00,0,0
1419358733,s1,0.00,0.00,0.00,0,0,0.00,0.00,0.00,0,0,0.00,0.00,0,0
1419358733,s4-eth1,0.00,0.00,0.00,0,0,0.00,0.00,0.00,0,0,0.00,0.00,0,0
1419358733,s4-eth3,0.00,0.00,0.00,0,0,0.00,0.00,0.00,0,0,0.00,0.00,0,0
1419358733,s2,0.00,0.00,0.00,0,0,0.00,0.00,0.00,0,0,0.00,0.00,0,0
1419358733,s5-eth1,0.00,0.00,0.00,0,0,0.00,0.00,0.00,0,0,0.00,0.00,0,0
1419358733,total,1763878.12,1772689.38,3536567.50,1774462,1765642,1170.83,1172.83,2343.66,1174,1172,0.00,0.00,0,0
1419358734,s1-eth1,1223306.00,27324.00,1250630.00,27324,1223306,413.00,414.00,827.00,414,413,0.00,0.00,0,0
1419358734,s3,0.00,0.00,0.00,0,0,0.00,0.00,0.00,0,0,0.00,0.00,0,0
1419358734,s1-eth3,11814.00,545008.00,556822.00,545008,11814,179.00,184.00,363.00,184,179,0.00,0.00,0,0
1419358734,s1-eth2,15444.00,707918.00,723362.00,707918,15444,234.00,239.00,473.00,239,234,0.00,0.00,0,0
1419358734,s2-eth1,545008.00,11814.00,556822.00,11814,545008,184.00,179.00,363.00,179,184,0.00,0.00,0,0
1419358734,s4,0.00,0.00,0.00,0,0,0.00,0.00,0.00,0,0,0.00,0.00,0,0
1419358734,s2-eth2,11814.00,542046.00,553860.00,542046,11814,179.00,183.00,362.00,183,179,0.00,0.00,0,0
1419358734,s2-eth3,0.00,0.00,0.00,0,0,0.00,0.00,0.00,0,0,0.00,0.00,0,0
1419358734,s5,0.00,0.00,0.00,0,0,0.00,0.00,0.00,0,0,0.00,0.00,0,0
1419358734,s3-eth1,0.00,0.00,0.00,0,0,0.00,0.00,0.00,0,0,0.00,0.00,0,0
1419358734,s3-eth3,0.00,0.00,0.00,0,0,0.00,0.00,0.00,0,0,0.00,0.00,0,0
1419358734,eth0,0.00,0.00,0.00,0,0,0.00,0.00,0.00,0,0,0.00,0.00,0,0
1419358734,lo,343.66,343.66,687.31,344,344,5.99,5.99,11.99,6,6,0.00,0.00,0,0
1419358734,s1,0.00,0.00,0.00,0,0,0.00,0.00,0.00,0,0,0.00,0.00,0,0
1419358734,s4-eth1,0.00,0.00,0.00,0,0,0.00,0.00,0.00,0,0,0.00,0.00,0,0
1419358734,s4-eth3,0.00,0.00,0.00,0,0,0.00,0.00,0.00,0,0,0.00,0.00,0,0
1419358734,s2,0.00,0.00,0.00,0,0,0.00,0.00,0.00,0,0,0.00,0.00,0,0
1419358734,s5-eth1,0.00,0.00,0.00,0,0,0.00,0.00,0.00,0,0,0.00,0.00,0,0
1419358734,total,1805924.12,1832621.38,3638545.50,1834454,1807730,1193.81,1203.80,2397.60,1205,1195,0.00,0.00,0,0
1419358735,s1-eth1,1219124.88,27164.84,1246289.75,27192,1220344,411.59,411.59,823.18,412,412,0.00,0.00,0,0
1419358735,s3,0.00,0.00,0.00,0,0,0.00,0.00,0.00,0,0,0.00,0.00,0,0
1419358735,s1-eth3,11670.33,544463.56,556133.88,545008,11682,176.82,183.82,360.64,184,177,0.00,0.00,0,0
1419358735,s1-eth2,15494.51,716087.94,731582.44,716804,15510,234.77,241.76,476.52,242,235,0.00,0.00,0,0
1419358735,s2-eth1,544463.56,11670.33,556133.88,11682,545008,183.82,176.82,360.64,177,184,0.00,0.00,0,0
1419358735,s4,0.00,0.00,0.00,0,0,0.00,0.00,0.00,0,0,0.00,0.00,0,0
1419358735,s2-eth2,11670.33,547422.56,559092.94,547970,11682,176.82,184.82,361.64,185,177,0.00,0.00,0,0
1419358735,s2-eth3,0.00,0.00,0.00,0,0,0.00,0.00,0.00,0,0,0.00,0.00,0,0
1419358735,s5,0.00,0.00,0.00,0,0,0.00,0.00,0.00,0,0,0.00,0.00,0,0
1419358735,s3-eth1,0.00,0.00,0.00,0,0,0.00,0.00,0.00,0,0,0.00,0.00,0,0
1419358735,s3-eth3,0.00,0.00,0.00,0,0,0.00,0.00,0.00,0,0,0.00,0.00,0,0
1419358735,eth0,0.00,0.00,0.00,0,0,0.00,0.00,0.00,0,0,0.00,0.00,0,0
1419358735,lo,0.00,0.00,0.00,0,0,0.00,0.00,0.00,0,0,0.00,0.00,0,0
1419358735,s1,0.00,0.00,0.00,0,0,0.00,0.00,0.00,0,0,0.00,0.00,0,0
1419358735,s4-eth1,0.00,0.00,0.00,0,0,0.00,0.00,0.00,0,0,0.00,0.00,0,0
1419358735,s4-eth3,0.00,0.00,0.00,0,0,0.00,0.00,0.00,0,0,0.00,0.00,0,0
1419358735,s2,0.00,0.00,0.00,0,0,0.00,0.00,0.00,0,0,0.00,0.00,0,0
1419358735,s5-eth1,0.00,0.00,0.00,0,0,0.00,0.00,0.00,0,0,0.00,0.00,0,0
1419358735,total,1804226.00,1848656.00,3652882.00,1848656,1804226,1185.00,1200.00,2385.00,1200,1185,0.00,0.00,0,0
1419358736,s3,0.00,0.00,0.00,0,0,0.00,0.00,0.00,0,0,0.00,0.00,0,0
1419358736,s4,0.00,0.00,0.00,0,0,0.00,0.00,0.00,0,0,0.00,0.00,0,0
1419358736,s2-eth3,0.00,0.00,0.00,0,0,0.00,0.00,0.00,0,0,0.00,0.00,0,0
1419358736,s5,0.00,0.00,0.00,0,0,0.00,0.00,0.00,0,0,0.00,0.00,0,0
1419358736,s3-eth1,0.00,0.00,0.00,0,0,0.00,0.00,0.00,0,0,0.00,0.00,0,0
1419358736,s3-eth3,0.00,0.00,0.00,0,0,0.00,0.00,0.00,0,0,0.00,0.00,0,0
1419358736,eth0,1658.00,1050.00,2708.00,1050,1658,15.00,16.00,31.00,16,15,0.00,0.00,0,0
1419358736,lo,780.00,780.00,1560.00,780,780,15.00,15.00,30.00,15,15,0.00,0.00,0,0
1419358736,s4-eth1,0.00,0.00,0.00,0,0,0.00,0.00,0.00,0,0,0.00,0.00,0,0
1419358736,s4-eth3,0.00,0.00,0.00,0,0,0.00,0.00,0.00,0,0,0.00,0.00,0,0
1419358736,s5-eth1,0.00,0.00,0.00,0,0,0.00,0.00,0.00,0,0,0.00,0.00,0,0
1419358736,total,18446744073709551616.00,18446744073709551616.00,18446744073709551616.00,18446744073652151115,18446744073653384907,18446744073709512704.00,18446744073709510656.00,18446744073709471744.00,18446744073709511495,18446744073709512140,0.00,0.00,0,0
1419358737,s3,0.00,0.00,0.00,0,0,0.00,0.00,0.00,0,0,0.00,0.00,0,0
1419358737,s4,0.00,0.00,0.00,0,0,0.00,0.00,0.00,0,0,0.00,0.00,0,0
1419358737,s2-eth3,0.00,0.00,0.00,0,0,0.00,0.00,0.00,0,0,0.00,0.00,0,0
1419358737,s5,0.00,0.00,0.00,0,0,0.00,0.00,0.00,0,0,0.00,0.00,0,0
1419358737,s3-eth1,0.00,0.00,0.00,0,0,0.00,0.00,0.00,0,0,0.00,0.00,0,0
1419358737,s3-eth3,0.00,0.00,0.00,0,0,0.00,0.00,0.00,0,0,0.00,0.00,0,0
1419358737,eth0,166.00,66.00,232.00,66,166,1.00,1.00,2.00,1,1,0.00,0.00,0,0
1419358737,lo,300.00,300.00,600.00,300,300,6.00,6.00,12.00,6,6,0.00,0.00,0,0
1419358737,s4-eth1,0.00,0.00,0.00,0,0,0.00,0.00,0.00,0,0,0.00,0.00,0,0
1419358737,s4-eth3,0.00,0.00,0.00,0,0,0.00,0.00,0.00,0,0,0.00,0.00,0,0
1419358737,s5-eth1,0.00,0.00,0.00,0,0,0.00,0.00,0.00,0,0,0.00,0.00,0,0
1419358737,total,466.00,366.00,832.00,366,466,7.00,7.00,14.00,7,7,0.00,0.00,0,0
1419358738,s3,0.00,0.00,0.00,0,0,0.00,0.00,0.00,0,0,0.00,0.00,0,0
1419358738,s4,0.00,0.00,0.00,0,0,0.00,0.00,0.00,0,0,0.00,0.00,0,0
1419358738,s2-eth3,0.00,0.00,0.00,0,0,0.00,0.00,0.00,0,0,0.00,0.00,0,0
1419358738,s5,0.00,0.00,0.00,0,0,0.00,0.00,0.00,0,0,0.00,0.00,0,0
1419358738,s3-eth1,0.00,0.00,0.00,0,0,0.00,0.00,0.00,0,0,0.00,0.00,0,0
1419358738,s3-eth3,0.00,0.00,0.00,0,0,0.00,0.00,0.00,0,0,0.00,0.00,0,0
1419358738,eth0,118.00,66.00,184.00,66,118,1.00,1.00,2.00,1,1,0.00,0.00,0,0
1419358738,lo,0.00,0.00,0.00,0,0,0.00,0.00,0.00,0,0,0.00,0.00,0,0
1419358738,s4-eth1,0.00,0.00,0.00,0,0,0.00,0.00,0.00,0,0,0.00,0.00,0,0
1419358738,s4-eth3,0.00,0.00,0.00,0,0,0.00,0.00,0.00,0,0,0.00,0.00,0,0
1419358738,s5-eth1,0.00,0.00,0.00,0,0,0.00,0.00,0.00,0,0,0.00,0.00,0,0
1419358738,total,117.88,65.93,183.82,66,118,1.00,1.00,2.00,1,1,0.00,0.00,0,0
1419358739,s3,0.00,0.00,0.00,0,0,0.00,0.00,0.00,0,0,0.00,0.00,0,0
1419358739,s4,0.00,0.00,0.00,0,0,0.00,0.00,0.00,0,0,0.00,0.00,0,0
1419358739,s2-eth3,0.00,0.00,0.00,0,0,0.00,0.00,0.00,0,0,0.00,0.00,0,0
1419358739,s5,0.00,0.00,0.00,0,0,0.00,0.00,0.00,0,0,0.00,0.00,0,0
1419358739,s3-eth1,0.00,0.00,0.00,0,0,0.00,0.00,0.00,0,0,0.00,0.00,0,0
1419358739,s3-eth3,0.00,0.00,0.00,0,0,0.00,0.00,0.00,0,0,0.00,0.00,0,0
1419358739,eth0,117.88,65.93,183.82,66,118,1.00,1.00,2.00,1,1,0.00,0.00,0,0
1419358739,lo,299.70,299.70,599.40,300,300,5.99,5.99,11.99,6,6,0.00,0.00,0,0
1419358739,s4-eth