1419358783,s3,0.00,0.00,0.00,0,0,0.00,0.00,0.00,0,0,0.00,0.00,0,0
1419358783,s1-eth1,0.00,0.00,0.00,0,0,0.00,0.00,0.00,0,0,0.00,0.00,0,0
1419358783,s1-eth3,0.00,0.00,0.00,0,0,0.00,0.00,0.00,0,0,0.00,0.00,0,0
1419358783,s1-eth2,0.00,0.00,0.00,0,0,0.00,0.00,0.00,0,0,0.00,0.00,0,0
1419358783,s4,0.00,0.00,0.00,0,0,0.00,0.00,0.00,0,0,0.00,0.00,0,0
1419358783,s2-eth1,0.00,0.00,0.00,0,0,0.00,0.00,0.00,0,0,0.00,0.00,0,0
1419358783,s2-eth3,0.00,0.00,0.00,0,0,0.00,0.00,0.00,0,0,0.00,0.00,0,0
1419358783,s2-eth2,0.00,0.00,0.00,0,0,0.00,0.00,0.00,0,0,0.00,0.00,0,0
1419358783,s3-eth1,0.00,0.00,0.00,0,0,0.00,0.00,0.00,0,0,0.00,0.00,0,0
1419358783,s5,0.00,0.00,0.00,0,0,0.00,0.00,0.00,0,0,0.00,0.00,0,0
1419358783,s3-eth3,0.00,0.00,0.00,0,0,0.00,0.00,0.00,0,0,0.00,0.00,0,0
1419358783,s3-eth2,0.00,0.00,0.00,0,0,0.00,0.00,0.00,0,0,0.00,0.00,0,0
1419358783,eth0,0.00,0.00,0.00,0,0,0.00,0.00,0.00,0,0,0.00,0.00,0,0
1419358783,lo,0.00,0.00,0.00,0,0,0.00,0.00,0.00,0,0,0.00,0.00,0,0
1419358783,s1,0.00,0.00,0.00,0,0,0.00,0.00,0.00,0,0,0.00,0.00,0,0
1419358783,s4-eth1,0.00,0.00,0.00,0,0,0.00,0.00,0.00,0,0,0.00,0.00,0,0
1419358783,s4-eth2,0.00,0.00,0.00,0,0,0.00,0.00,0.00,0,0,0.00,0.00,0,0
1419358783,s4-eth3,0.00,0.00,0.00,0,0,0.00,0.00,0.00,0,0,0.00,0.00,0,0
1419358783,s2,0.00,0.00,0.00,0,0,0.00,0.00,0.00,0,0,0.00,0.00,0,0
1419358783,s5-eth1,0.00,0.00,0.00,0,0,0.00,0.00,0.00,0,0,0.00,0.00,0,0
1419358783,total,0.00,0.00,0.00,0,0,0.00,0.00,0.00,0,0,0.00,0.00,0,0
1419358784,s3,0.00,0.00,0.00,0,0,0.00,0.00,0.00,0,0,0.00,0.00,0,0
1419358784,s1-eth1,1226268.00,27258.00,1253526.00,27258,1226268,414.00,413.00,827.00,413,414,0.00,0.00,0,0
1419358784,s1-eth3,20262.00,944878.00,965140.00,944878,20262,307.00,319.00,626.00,319,307,0.00,0.00,0,0
1419358784,s1-eth2,7128.00,334706.00,341834.00,334706,7128,108.00,113.00,221.00,113,108,0.00,0.00,0,0
1419358784,s4,0.00,0.00,0.00,0,0,0.00,0.00,0.00,0,0,0.00,0.00,0,0
1419358784,s2-eth1,944878.00,20262.00,965140.00,20262,944878,319.00,307.00,626.00,307,319,0.00,0.00,0,0
1419358784,s2-eth3,13332.00,627944.00,641276.00,627944,13332,202.00,212.00,414.00,212,202,0.00,0.00,0,0
1419358784,s2-eth2,6864.00,319896.00,326760.00,319896,6864,104.00,108.00,212.00,108,104,0.00,0.00,0,0
1419358784,s3-eth1,627944.00,13332.00,641276.00,13332,627944,212.00,202.00,414.00,202,212,0.00,0.00,0,0
1419358784,s5,0.00,0.00,0.00,0,0,0.00,0.00,0.00,0,0,0.00,0.00,0,0
1419358784,s3-eth3,6204.00,290276.00,296480.00,290276,6204,94.00,98.00,192.00,98,94,0.00,0.00,0,0
1419358784,s3-eth2,7128.00,337668.00,344796.00,337668,7128,108.00,114.00,222.00,114,108,0.00,0.00,0,0
1419358784,eth0,0.00,0.00,0.00,0,0,0.00,0.00,0.00,0,0,0.00,0.00,0,0
1419358784,lo,0.00,0.00,0.00,0,0,0.00,0.00,0.00,0,0,0.00,0.00,0,0
1419358784,s1,0.00,0.00,0.00,0,0,0.00,0.00,0.00,0,0,0.00,0.00,0,0
1419358784,s4-eth1,290276.00,6204.00,296480.00,6204,290276,98.00,94.00,192.00,94,98,0.00,0.00,0,0
1419358784,s4-eth2,6204.00,290276.00,296480.00,290276,6204,94.00,98.00,192.00,98,94,0.00,0.00,0,0
1419358784,s4-eth3,0.00,0.00,0.00,0,0,0.00,0.00,0.00,0,0,0.00,0.00,0,0
1419358784,s2,0.00,0.00,0.00,0,0,0.00,0.00,0.00,0,0,0.00,0.00,0,0
1419358784,s5-eth1,0.00,0.00,0.00,0,0,0.00,0.00,0.00,0,0,0.00,0.00,0,0
1419358784,total,3156488.00,3212700.00,6369188.00,3212700,3156488,2060.00,2078.00,4138.00,2078,2060,0.00,0.00,0,0
1419358785,s3,0.00,69.93,69.93,70,0,0.00,1.00,1.00,1,0,0.00,0.00,0,0
1419358785,s1-eth1,1222084.00,27230.77,1249314.75,27258,1223306,412.59,412.59,825.17,413,413,0.00,0.00,0,0
1419358785,s1-eth3,19784.22,923220.81,943005.00,924144,19804,299.70,311.69,611.39,312,300,0.00,0.00,0,0
1419358785,s1-eth2,7516.48,352195.81,359712.31,352548,7524,113.89,119.88,233.77,120,114,0.00,0.00,0,0
1419358785,s4,0.00,69.93,69.93,70,0,0.00,1.00,1.00,1,0,0.00,0.00,0,0
1419358785,s2-eth1,923220.81,19784.22,943005.00,19804,924144,311.69,299.70,611.39,300,312,0.00,0.00,0,0
1419358785,s2-eth3,13058.94,609562.44,622621.38,610172,13072,197.80,205.79,403.60,206,198,0.00,0.00,0,0
1419358785,s2-eth2,6795.21,316617.41,323412.59,316934,6802,102.90,106.89,209.79,107,103,0.00,0.00,0,0
1419358785,s3-eth1,609562.44,13058.94,622621.38,13072,610172,205.79,197.80,403.60,198,206,0.00,0.00,0,0
1419358785,s5,0.00,0.00,0.00,0,0,0.00,0.00,0.00,0,0,0.00,0.00,0,0
1419358785,s3-eth3,7256.74,337330.69,344587.44,337668,7264,109.89,113.89,223.78,114,110,0.00,0.00,0,0
1419358785,s3-eth2,5872.13,272231.78,278103.91,272504,5878,88.91,91.91,180.82,92,89,0.00,0.00,0,0
1419358785,eth0,59.94,59.94,119.88,60,60,1.00,1.00,2.00,1,1,0.00,0.00,0,0
1419358785,lo,1070.93,1070.93,2141.86,1072,1072,11.99,11.99,23.98,12,12,0.00,0.00,0,0
1419358785,s1,0.00,69.93,69.93,70,0,0.00,1.00,1.00,1,0,0.00,0.00,0,0
1419358785,s4-eth1,337330.69,7256.74,344587.44,7264,337668,113.89,109.89,223.78,110,114,0.00,0.00,0,0
1419358785,s4-eth2,7256.74,337330.69,344587.44,337668,7264,109.89,113.89,223.78,114,110,0.00,0.00,0,0
1419358785,s4-eth3,0.00,0.00,0.00,0,0,0.00,0.00,0.00,0,0,0.00,0.00,0,0
1419358785,s2,0.00,69.93,69.93,70,0,0.00,1.00,1.00,1,0,0.00,0.00,0,0
1419358785,s5-eth1,0.00,0.00,0.00,0,0,0.00,0.00,0.00,0,0,0.00,0.00,0,0
1419358785,total,3160869.25,3217230.75,6378100.00,3220448,3164030,2079.92,2100.90,4180.82,2103,2082,0.00,0.00,0,0
1419358786,s3,0.00,279.72,279.72,280,0,0.00,4.00,4.00,4,0,0.00,0.00,0,0
1419358786,s1-eth1,1222293.75,27366.63,1249660.38,27394,1223516,415.58,414.59,830.17,415,416,0.00,0.00,0,0
1419358786,s1-eth3,20047.95,938225.81,958273.75,939164,20068,303.70,319.68,623.38,320,304,0.00,0.00,0,0
1419358786,s1-eth2,7532.47,340289.72,347822.19,340630,7540,113.89,114.89,228.77,115,114,0.00,0.00,0,0
1419358786,s4,0.00,279.72,279.72,280,0,0.00,4.00,4.00,4,0,0.00,0.00,0,0
1419358786,s2-eth1,938225.81,20047.95,958273.75,20068,939164,319.68,303.70,623.38,304,320,0.00,0.00,0,0
1419358786,s2-eth3,13194.81,609702.31,622897.12,610312,13208,199.80,207.79,407.59,208,200,0.00,0.00,0,0
1419358786,s2-eth2,7198.80,328523.50,335722.28,328852,7206,108.89,111.89,220.78,112,109,0.00,0.00,0,0
1419358786,s3-eth1,609702.31,13194.81,622897.12,13208,610312,207.79,199.80,407.59,200,208,0.00,0.00,0,0
1419358786,s5,0.00,0.00,0.00,0,0,0.00,0.00,0.00,0,0,0.00,0.00,0,0
1419358786,s3-eth3,6671.33,301892.12,308563.44,302194,6678,100.90,102.90,203.80,103,101,0.00,0.00,0,0
1419358786,s3-eth2,6737.26,307810.19,314547.47,308118,6744,101.90,104.90,206.79,105,102,0.00,0.00,0,0
1419358786,eth0,0.00,0.00,0.00,0,0,0.00,0.00,0.00,0,0,0.00,0.00,0,0
1419358786,lo,4283.72,4283.72,8567.43,4288,4288,47.95,47.95,95.90,48,48,0.00,0.00,0,0
1419358786,s1,0.00,279.72,279.72,280,0,0.00,4.00,4.00,4,0,0.00,0.00,0,0
1419358786,s4-eth1,301892.12,6671.33,308563.44,6678,302194,102.90,100.90,203.80,101,103,0.00,0.00,0,0
1419358786,s4-eth2,6671.33,301892.12,308563.44,302194,6678,100.90,102.90,203.80,103,101,0.00,0.00,0,0
1419358786,s4-eth3,0.00,0.00,0.00,0,0,0.00,0.00,0.00,0,0,0.00,0.00,0,0
1419358786,s2,0.00,279.72,279.72,280,0,0.00,4.00,4.00,4,0,0.00,0.00,0,0
1419358786,s5-eth1,0.00,0.00,0.00,0,0,0.00,0.00,0.00,0,0,0.00,0.00,0,0
1419358786,total,3144451.75,3201019.00,6345470.50,3204220,3147596,2123.88,2147.85,4271.73,2150,2126,0.00,0.00,0,0
1419358787,s3,0.00,0.00,0.00,0,0,0.00,0.00,0.00,0,0,0.00,0.00,0,0
1419358787,s1-eth1,1222153.88,27206.79,1249360.62,27234,1223376,413.59,412.59,826.17,413,414,0.00,0.00,0,0
1419358787,s1-eth3,19684.32,914511.50,934195.81,915426,19704,299.70,312.69,612.39,313,300,0.00,0.00,0,0
1419358787,s1-eth2,7840.16,361128.88,368969.03,361490,7848,119.88,124.88,244.76,125,120,0.00,0.00,0,0
1419358787,s4,0.00,0.00,0.00,0,0,0.00,0.00,0.00,0,0,0.00,0.00,0,0
1419358787,s2-eth1,914511.50,19684.32,934195.81,19704,915426,312.69,299.70,612.39,300,313,0.00,0.00,0,0
1419358787,s2-eth3,13038.00,601454.00,614492.00,601454,13038,199.00,207.00,406.00,207,199,0.00,0.00,0,0
1419358787,s2-eth2,6768.00,308216.00,314984.00,308216,6768,104.00,108.00,212.00,108,104,0.00,0.00,0,0
1419358787,s3-eth1,601454.00,13038.00,614492.00,13038,601454,207.00,199.00,406.00,199,207,0.00,0.00,0,0
1419358787,s5,0.00,0.00,0.00,0,0,0.00,0.00,0.00,0,0,0.00,0.00,0,0
1419358787,s3-eth3,6066.00,272630.00,278696.00,272630,6066,93.00,95.00,188.00,95,93,0.00,0.00,0,0
1419358787,s3-eth2,7122.00,328908.00,336030.00,328908,7122,109.00,114.00,223.00,114,109,0.00,0.00,0,0
1419358787,eth0,0.00,0.00,0.00,0,0,0.00,0.00,0.00,0,0,0.00,0.00,0,0
1419358787,lo,9700.60,9700.60,19401.20,9720,9720,89.82,89.82,179.64,90,90,0.00,0.00,0,0
1419358787,s1,0.00,0.00,0.00,0,0,0.00,0.00,0.00,0,0,0.00,0.00,0,0
1419358787,s4-eth1,275316.69,6059.94,281376.62,6066,275592,95.90,92.91,188.81,93,96,0.00,0.00,0,0
1419358787,s4-eth2,6059.94,275316.69,281376.62,275592,6066,92.91,95.90,188.81,96,93,0.00,0.00,0,0
1419358787,s4-eth3,0.00,0.00,0.00,0,0,0.00,0.00,0.00,0,0,0.00,0.00,0,0
1419358787,s2,0.00,0.00,0.00,0,0,0.00,0.00,0.00,0,0,0.00,0.00,0,0
1419358787,s5-eth1,0.00,0.00,0.00,0,0,0.00,0.00,0.00,0,0,0.00,0.00,0,0
1419358787,total,3089091.00,3136341.75,6225432.50,3139478,3092180,2135.86,2150.85,4286.71,2153,2138,0.00,0.00,0,0
1419358788,s3,0.00,0.00,0.00,0,0,0.00,0.00,0.00,0,0,0.00,0.00,0,0
1419358788,s1-eth1,1220906.25,27269.46,1248175.62,27324,1223348,413.17,413.17,826.35,414,414,0.00,0.00,0,0
1419358788,s1-eth3,20419.16,993245.56,1013664.69,995232,20460,309.38,335.33,644.71,336,310,0.00,0.00,0,0
1419358788,s1-eth2,6784.43,328125.75,334910.19,328782,6798,102.79,110.78,213.57,111,103,0.00,0.00,0,0
1419358788,s4,0.00,0.00,0.00,0,0,0.00,0.00,0.00,0,0,0.00,0.00,0,0
1419358788,s2-eth1,993245.56,20419.16,1013664.69,20460,995232,335.33,309.38,644.71,310,336,0.00,0.00,0,0
1419358788,s2-eth3,13568.86,662163.69,675732.56,663488,13596,205.59,223.55,429.14,224,206,0.00,0.00,0,0
1419358788,s2-eth2,6916.17,336994.03,343910.19,337668,6930,104.79,113.77,218.56,114,105,0.00,0.00,0,0
1419358788,s3-eth1,662163.69,13568.86,675732.56,13596,663488,223.55,205.59,429.14,206,224,0.00,0.00,0,0
1419358788,s5,0.00,0.00,0.00,0,0,0.00,0.00,0.00,0,0,0.00,0.00,0,0
1419358788,s3-eth3,6975.07,345517.44,352492.53,346554,6996,105.68,116.65,222.33,117,106,0.00,0.00,0,0
1419358788,s3-eth2,6580.26,318939.19,325519.44,319896,6600,99.70,107.68,207.38,108,100,0.00,0.00,0,0
1419358788,eth0,0.00,0.00,0.00,0,0,0.00,0.00,0.00,0,0,0.00,0.00,0,0
1419358788,lo,854.29,854.29,1708.58,856,856,12.97,12.97,25.95,13,13,0.00,0.00,0,0
1419358788,s1,0.00,0.00,0.00,0,0,0.00,0.00,0.00,0,0,0.00,0.00,0,0
1419358788,s4-eth1,342906.19,6982.04,349888.22,6996,343592,115.77,105.79,221.56,106,116,0.00,0.00,0,0
1419358788,s4-eth2,6982.04,342906.19,349888.22,343592,6996,105.79,115.77,221.56,116,106,0.00,0.00,0,0
1419358788,s4-eth3,0.00,0.00,0.00,0,0,0.00,0.00,0.00,0,0,0.00,0.00,0,0
1419358788,s2,0.00,0.00,0.00,0,0,0.00,0.00,0.00,0,0,0.00,0.00,0,0
1419358788,s5-eth1,0.00,0.00,0.00,0,0,0.00,0.00,0.00,0,0,0.00,0.00,0,0
1419358788,total,3288315.50,3397648.75,6685964.50,3404444,3294892,2134.73,2170.66,4305.39,2175,2139,0.00,0.00,0,0
1419358789,s3,0.00,69.86,69.86,70,0,0.00,1.00,1.00,1,0,0.00,0.00,0,0
1419358789,s1-eth1,1214952.12,29926.15,1244878.25,29986,1217382,410.18,410.18,820.36,411,411,0.00,0.00,0,0
1419358789,s1-eth3,22822.36,923295.44,946117.81,925142,22868,313.37,370.26,683.63,371,314,0.00,0.00,0,0
1419358789,s1-eth2,7145.71,297127.75,304273.47,297722,7160,97.80,122.75,220.56,123,98,0.00,0.00,0,0
1419358789,s4,0.00,69.86,69.86,70,0,0.00,1.00,1.00,1,0,0.00,0.00,0,0
1419358789,s2-eth1,923295.44,22822.36,946117.81,22868,925142,370.26,313.37,683.63,314,371,0.00,0.00,0,0
1419358789,s2-eth3,14836.33,620193.62,635029.94,621434,14866,208.58,244.51,453.09,245,209,0.00,0.00,0,0
1419358789,s2-eth2,8055.89,298700.59,306756.50,299298,8072,105.79,124.75,230.54,125,106,0.00,0.00,0,0
1419358789,s3-eth1,620193.62,14836.33,635029.94,14866,621434,244.51,208.58,453.09,209,245,0.00,0.00,0,0
1419358789,s5,0.00,0.00,0.00,0,0,0.00,0.00,0.00,0,0,0.00,0.00,0,0
1419358789,s3-eth3,7270.00,299034.00,306304.00,299034,7270,103.00,121.00,224.00,121,103,0.00,0.00,0,0
1419358789,s3-eth2,7666.00,319438.00,327104.00,319438,7666,107.00,123.00,230.00,123,107,0.00,0.00,0,0
1419358789,eth0,0.00,0.00,0.00,0,0,0.00,0.00,0.00,0,0,0.00,0.00,0,0
1419358789,lo,1072.00,1072.00,2144.00,1072,1072,12.00,12.00,24.00,12,12,0.00,0.00,0,0
1419358789,s1,0.00,70.00,70.00,70,0,0.00,1.00,1.00,1,0,0.00,0.00,0,0
1419358789,s4-eth1,299034.00,7270.00,306304.00,7270,299034,121.00,103.00,224.00,103,121,0.00,0.00,0,0
1419358789,s4-eth2,7270.00,299034.00,306304.00,299034,7270,103.00,121.00,224.00,121,103,0.00,0.00,0,0
1419358789,s4-eth3,0.00,0.00,0.00,0,0,0.00,0.00,0.00,0,0,0.00,0.00,0,0
1419358789,s2,0.00,70.00,70.00,70,0,0.00,1.00,1.00,1,0,0.00,0.00,0,0
1419358789,s5-eth1,0.00,0.00,0.00,0,0,0.00,0.00,0.00,0,0,0.00,0.00,0,0
1419358789,total,3139236.00,3137444.00,6276680.00,3137444,3139236,2200.00,2282.00,4482.00,2282,2200,0.00,0.00,0,0
1419358790,s3,0.00,280.00,280.00,280,0,0.00,4.00,4.00,4,0,0.00,0.00,0,0
1419358790,s1-eth1,1240680.00,65134.00,1305814.00,65134,1240680,698.00,695.00,1393.00,695,698,0.00,0.00,0,0
1419358790,s1-eth3,52914.00,972780.00,1025694.00,972780,52914,565.00,588.00,1153.00,588,565,0.00,0.00,0,0
1419358790,s1-eth2,12500.00,306550.00,319050.00,306550,12500,134.00,191.00,325.00,191,134,0.00,0.00,0,0
1419358790,s4,0.00,280.00,280.00,280,0,0.00,4.00,4.00,4,0,0.00,0.00,0,0
1419358790,s2-eth1,972780.00,52914.00,1025694.00,52914,972780,588.00,565.00,1153.00,565,588,0.00,0.00,0,0
1419358790,s2-eth3,33902.00,678206.00,712108.00,678206,33902,363.00,403.00,766.00,403,363,0.00,0.00,0,0
1419358790,s2-eth2,19198.00,299116.00,318314.00,299116,19198,205.00,188.00,393.00,188,205,0.00,0.00,0,0
1419358790,s3-eth1,678206.00,33902.00,712108.00,33902,678206,403.00,363.00,766.00,363,403,0.00,0.00,0,0
1419358790,s5,0.00,0.00,0.00,0,0,0.00,0.00,0.00,0,0,0.00,0.00,0,0
1419358790,s3-eth3,18890.00,340456.00,359346.00,340456,18890,203.00,222.00,425.00,222,203,0.00,0.00,0,0
1419358790,s3-eth2,15198.00,339264.00,354462.00,339264,15198,163.00,182.00,345.00,182,163,0.00,0.00,0,0
1419358790,eth0,0.00,0.00,0.00,0,0,0.00,0.00,0.00,0,0,0.00,0.00,0,0
1419358790,lo,4288.00,4288.00,8576.00,4288,4288,48.00,48.00,96.00,48,48,0.00,0.00,0,0
1419358790,s1,0.00,279.72,279.72,280,0,0.00,4.00,4.00,4,0,0.00,0.00,0,0
1419358790,s4-eth1,340115.91,18871.13,358987.03,18890,340456,221.78,202.80,424.58,203,222,0.00,0.00,0,0
1419358790,s4-eth2,18871.13,340115.91,358987.03,340456,18890,202.80,221.78,424.58,222,203,0.00,0.00,0,0
1419358790,s4-eth3,0.00,0.00,0.00,0,0,0.00,0.00,0.00,0,0,0.00,0.00,0,0
1419358790,s2,0.00,279.72,279.72,280,0,0.00,4.00,4.00,4,0,0.00,0.00,0,0
1419358790,s5-eth1,0.00,0.00,0.00,0,0,0.00,0.00,0.00,0,0,0.00,0.00,0,0
1419358790,total,3404497.50,3449626.50,6854124.00,3453076,3407902,3791.21,3882.12,7673.33,3886,3795,0.00,0.00,0,0
1419358791,s3,0.00,0.00,0.00,0,0,0.00,0.00,0.00,0,0,0.00,0.00,0,0
1419358791,s1-eth1,1234409.62,42165.84,1276575.50,42208,1235644,577.42,577.42,1154.85,578,578,0.00,0.00,0,0
1419358791,s1-eth3,32171.83,1001354.69,1033526.50,1002356,32204,445.55,421.58,867.13,422,446,0.00,0.00,0,0
1419358791,s1-eth2,10021.98,377116.91,387138.88,377494,10032,131.87,146.85,278.72,147,132,0.00,0.00,0,0
1419358791,s4,0.00,0.00,0.00,0,0,0.00,0.00,0.00,0,0,0.00,0.00,0,0
1419358791,s2-eth1,1001354.69,32171.83,1033526.50,32204,1002356,421.58,445.55,867.13,446,422,0.00,0.00,0,0
1419358791,s2-eth3,25428.57,644229.81,669658.38,644874,25454,344.66,292.71,637.36,293,345,0.00,0.00,0,0
1419358791,s2-eth2,6771.23,354033.97,360805.22,354388,6778,100.90,125.87,226.77,126,101,0.00,0.00,0,0
1419358791,s3-eth1,644229.81,25428.57,669658.38,25454,644874,292.71,344.66,637.36,345,293,0.00,0.00,0,0
1419358791,s5,0.00,0.00,0.00,0,0,0.00,0.00,0.00,0,0,0.00,0.00,0,0
1419358791,s3-eth3,12849.15,351210.81,364059.94,351562,12862,178.82,148.85,327.67,149,179,0.00,0.00,0,0
1419358791,s3-eth2,12673.33,291506.50,304179.84,291798,12686,166.83,142.86,309.69,143,167,0.00,0.00,0,0
1419358791,eth0,0.00,0.00,0.00,0,0,0.00,0.00,0.00,0,0,0.00,0.00,0,0
1419358791,lo,0.00,0.00,0.00,0,0,0.00,0.00,0.00,0,0,0.00,0.00,0,0
1419358791,s1,0.00,0.00,0.00,0,0,0.00,0.00,0.00,0,0,0.00,0.00,0,0
1419358791,s4-eth1,351210.81,12849.15,364059.94,12862,351562,148.85,178.82,327.67,179,149,0.00,0.00,0,0
1419358791,s4-eth2,12849.15,351210.81,364059.94,351562,12862,178.82,148.85,327.67,149,179,0.00,0.00,0,0
1419358791,s4-eth3,0.00,0.00,0.00,0,0,0.00,0.00,0.00,0,0,0.00,0.00,0,0
1419358791,s2,0.00,0.00,0.00,0,0,0.00,0.00,0.00,0,0,0.00,0.00,0,0
1419358791,s5-eth1,0.00,0.00,0.00,0,0,0.00,0.00,0.00,0,0,0.00,0.00,0,0
1419358791,total,3343970.00,3483278.75,6827249.00,3486762,3347314,2988.01,2974.03,5962.04,2977,2991,0.00,0.00,0,0
1419358792,s3,0.00,0.00,0.00,0,0,0.00,0.00,0.00,0,0,0.00,0.00,0,0
1419358792,s1-eth1,1225043.00,27230.77,1252273.75,27258,1226268,413.59,412.59,826.17,413,414,0.00,0.00,0,0
1419358792,s1-eth3,19780.22,899548.50,919328.69,900448,19800,299.70,303.70,603.40,304,300,0.00,0.00,0,0
1419358792,s1-eth2,7516.48,346207.81,353724.28,346554,7524,113.89,116.88,230.77,117,114,0.00,0.00,0,0
1419358792,s4,0.00,0.00,0.00,0,0,0.00,0.00,0.00,0,0,0.00,0.00,0,0
1419358792,s2-eth1,899548.50,19780.22,919328.69,19800,900448,303.70,299.70,603.40,300,304,0.00,0.00,0,0
1419358792,s2-eth3,12989.01,588849.19,601838.19,589438,13002,196.80,198.80,395.60,199,197,0.00,0.00,0,0
1419358792,s2-eth2,6791.21,310699.31,317490.53,311010,6798,102.90,104.90,207.79,105,103,0.00,0.00,0,0
1419358792,s3-eth1,588849.19,12989.01,601838.19,13002,589438,198.80,196.80,395.60,197,199,0.00,0.00,0,0
1419358792,s5,0.00,0.00,0.00,0,0,0.00,0.00,0.00,0,0,0.00,0.00,0,0
1419358792,s3-eth3,8109.89,363962.06,372071.94,364326,8118,122.88,122.88,245.75,123,123,0.00,0.00,0,0
1419358792,s3-eth2,4879.12,224887.12,229766.23,225112,4884,73.93,75.92,149.85,76,74,0.00,0.00,0,0
1419358792,eth0,0.00,0.00,0.00,0,0,0.00,0.00,0.00,0,0,0.00,0.00,0,0
1419358792,lo,0.00,0.00,0.00,0,0,0.00,0.00,0.00,0,0,0.00,0.00,0,0
1419358792,s1,0.00,0.00,0.00,0,0,0.00,0.00,0.00,0,0,0.00,0.00,0,0
1419358792,s4-eth1,366921.09,8109.89,375030.97,8118,367288,123.88,122.88,246.75,123,124,0.00,0.00,0,0
1419358792,s4-eth2,8043.96,366921.09,374965.03,367288,8052,121.88,123.88,245.75,124,122,0.00,0.00,0,0
1419358792,s4-eth3,0.00,0.00,0.00,0,0,0.00,0.00,0.00,0,0,0.00,0.00,0,0
1419358792,s2,0.00,0.00,0.00,0,0,0.00,0.00,0.00,0,0,0.00,0.00,0,0
1419358792,s5-eth1,0.00,0.00,0.00,0,0,0.00,0.00,0.00,0,0,0.00,0.00,0,0
1419358792,total,3148471.50,3169185.00,6317656.50,3172354,3151620,2071.93,2078.92,4150.85,2081,2074,0.00,0.00,0,0
1419358793,s3,0.00,0.00,0.00,0,0,0.00,0.00,0.00,0,0,0.00,0.00,0,0
1419358793,s1-eth1,1220864.25,27203.59,1248067.88,27258,1223306,412.18,412.18,824.35,413,413,0.00,0.00,0,0
1419358793,s1-eth3,19628.74,892738.56,912367.31,894524,19668,297.41,301.40,598.80,302,298,0.00,0.00,0,0
1419358793,s1-eth2,7574.85,342906.19,350481.06,343592,7590,114.77,115.77,230.54,116,115,0.00,0.00,0,0
1419358793,s4,0.00,0.00,0.00,0,0,0.00,0.00,0.00,0,0,0.00,0.00,0,0
1419358793,s2-eth1,892738.56,19628.74,912367.31,19668,894524,301.40,297.41,598.80,298,302,0.00,0.00,0,0
1419358793,s2-eth3,12383.23,561656.69,574039.94,562780,12408,187.62,189.62,377.25,190,188,0.00,0.00,0,0
1419358793,s2-eth2,7245.51,328125.75,335371.28,328782,7260,109.78,110.78,220.56,111,110,0.00,0.00,0,0
1419358793,s3-eth1,561656.69,12383.23,574039.94,12408,562780,189.62,187.62,377.25,188,190,0.00,0.00,0,0
1419358793,s5,0.00,0.00,0.00,0,0,0.00,0.00,0.00,0,0,0.00,0.00,0,0
1419358793,s3-eth3,6975.07,321892.31,328867.41,322858,6996,105.68,108.67,214.36,109,106,0.00,0.00,0,0
1419358793,s3-eth2,5395.81,239204.39,244600.20,239922,5412,81.75,80.76,162.51,81,82,0.00,0.00,0,0
1419358793,eth0,0.00,0.00,0.00,0,0,0.00,0.00,0.00,0,0,0.00,0.00,0,0
1419358793,lo,223.33,223.33,446.66,224,224,3.99,3.99,7.98,4,4,0.00,0.00,0,0
1419358793,s1,0.00,0.00,0.00,0,0,0.00,0.00,0.00,0,0,0.00,0.00,0,0
1419358793,s4-eth1,318939.19,6975.07,325914.25,6996,319896,107.68,105.68,213.36,106,108,0.00,0.00,0,0
1419358793,s4-eth2,7040.88,318939.19,325980.06,319896,7062,106.68,107.68,214.36,108,107,0.00,0.00,0,0
1419358793,s4-eth3,0.00,0.00,0.00,0,0,0.00,0.00,0.00,0,0,0.00,0.00,0,0
1419358793,s2,0.00,0.00,0.00,0,0,0.00,0.00,0.00,0,0,0.00,0.00,0,0
1419358793,s5-eth1,0.00,0.00,0.00,0,0,0.00,0.00,0.00,0,0,0.00,0.00,0,0
1419358793,total,3057952.25,3069699.00,6127651.00,3078908,3067126,2016.95,2019.94,4036.89,2026,2023,0.00,0.00,0,0
1419358794,s3,0.00,0.00,0.00,0,0,0.00,0.00,0.00,0,0,0.00,0.00,0,0
1419358794,s1-eth1,1222600.25,27242.27,1249842.50,27324,1226268,412.76,412.76,825.52,414,414,0.00,0.00,0,0
1419358794,s1-eth3,19345.96,868223.31,887569.31,870828,19404,293.12,293.12,586.24,294,294,0.00,0.00,0,0
1419358794,s1-eth2,7896.31,354376.88,362273.19,355440,7920,119.64,119.64,239.28,120,120,0.00,0.00,0,0
1419358794,s4,0.00,0.00,0.00,0,0,0.00,0.00,0.00,0,0,0.00,0.00,0,0
1419358794,s2-eth1,868223.31,19345.96,887569.31,19404,870828,293.12,293.12,586.24,294,294,0.00,0.00,0,0
1419358794,s2-eth3,11712.86,525659.00,537371.88,527236,11748,177.47,177.47,354.94,178,178,0.00,0.00,0,0
1419358794,s2-eth2,7633.10,342564.31,350197.41,343592,7656,115.65,115.65,231.31,116,116,0.00,0.00,0,0
1419358794,s3-eth1,525659.00,11712.86,537371.88,11748,527236,177.47,177.47,354.94,178,178,0.00,0.00,0,0
1419358794,s5,0.00,0.00,0.00,0,0,0.00,0.00,0.00,0,0,0.00,0.00,0,0
1419358794,s3-eth3,6725.27,301822.19,308547.47,302124,6732,101.90,101.90,203.80,102,102,0.00,0.00,0,0
1419358794,s3-eth2,5010.99,224887.12,229898.11,225112,5016,75.92,75.92,151.85,76,76,0.00,0.00,0,0
1419358794,eth0,0.00,0.00,0.00,0,0,0.00,0.00,0.00,0,0,0.00,0.00,0,0
1419358794,lo,0.00,0.00,0.00,0,0,0.00,0.00,0.00,0,0,0.00,0.00,0,0
1419358794,s1,0.00,0.00,0.00,0,0,0.00,0.00,0.00,0,0,0.00,0.00,0,0
1419358794,s4-eth1,301822.19,6725.27,308547.47,6732,302124,101.90,101.90,203.80,102,102,0.00,0.00,0,0
1419358794,s4-eth2,6725.27,301822.19,308547.47,302124,6732,101.90,101.90,203.80,102,102,0.00,0.00,0,0
1419358794,s4-eth3,0.00,0.00,0.00,0,0,0.00,0.00,0.00,0,0,0.00,0.00,0,0
1419358794,s2,0.00,0.00,0.00,0,0,0.00,0.00,0.00,0,0,0.00,0.00,0,0
1419358794,s5-eth1,0.00,0.00,0.00,0,0,0.00,0.00,0.00,0,0,0.00,0.00,0,0
1419358794,total,2988675.50,2988675.50,5977351.00,2991664,2991664,1974.03,1974.03,3948.05,1976,1976,0.00,0.00,0,0
1419358795,s3,0.00,0.00,0.00,0,0,0.00,0.00,0.00,0,0,0.00,0.00,0,0
1419358795,s1-eth1,1222600.25,27242.27,1249842.50,27324,1226268,412.76,412.76,825.52,414,414,0.00,0.00,0,0
1419358795,s1-eth3,19806.58,900707.88,920514.44,903410,19866,300.10,304.09,604.19,305,301,0.00,0.00,0,0
1419358795,s1-eth2,7377.25,331081.84,338459.09,331744,7392,111.78,111.78,223.55,112,112,0.00,0.00,0,0
1419358795,s4,0.00,0.00,0.00,0,0,0.00,0.00,0.00,0,0,0.00,0.00,0,0
1419358795,s2-eth1,901606.81,19826.35,921433.19,19866,903410,304.39,300.40,604.79,301,305,0.00,0.00,0,0
1419358795,s2-eth3,11856.29,538008.00,549864.31,539084,11880,179.64,181.64,361.28,182,180,0.00,0.00,0,0
1419358795,s2-eth2,8035.93,363598.81,371634.75,364326,8052,121.76,122.75,244.51,123,122,0.00,0.00,0,0
1419358795,s3-eth1,537471.56,11844.47,549316.06,11880,539084,181.46,179.46,360.92,180,182,0.00,0.00,0,0
1419358795,s5,0.00,0.00,0.00,0,0,0.00,0.00,0.00,0,0,0.00,0.00,0,0
1419358795,s3-eth3,6711.86,301220.34,307932.22,302124,6732,101.69,101.69,203.39,102,102,0.00,0.00,0,0
1419358795,s3-eth2,5132.60,236251.25,241383.84,236960,5148,77.77,79.76,157.53,80,78,0.00,0.00,0,0
1419358795,eth0,0.00,59.82,59.82,60,0,0.00,1.00,1.00,1,0,0.00,0.00,0,0
1419358795,lo,685.94,685.94,1371.88,688,688,11.96,11.96,23.93,12,12,0.00,0.00,0,0
1419358795,s1,0.00,0.00,0.00,0,0,0.00,0.00,0.00,0,0,0.00,0.00,0,0
1419358795,s4-eth1,301220.34,6711.86,307932.22,6732,302124,101.69,101.69,203.39,102,102,0.00,0.00,0,0
1419358795,s4-eth2,6711.86,301220.34,307932.22,302124,6732,101.69,101.69,203.39,102,102,0.00,0.00,0,0
1419358795,s4-eth3,0.00,0.00,0.00,0,0,0.00,0.00,0.00,0,0,0.00,0.00,0,0
1419358795,s2,0.00,0.00,0.00,0,0,0.00,0.00,0.00,0,0,0.00,0.00,0,0
1419358795,s5-eth1,0.00,0.00,0.00,0,0,0.00,0.00,0.00,0,0,0.00,0.00,0,0
1419358795,total,3028291.25,3037210.50,6065501.50,3046322,3037376,2005.98,2009.97,4015.95,2016,2012,0.00,0.00,0,0
1419358796,s3,0.00,0.00,0.00,0,0,0.00,0.00,0.00,0,0,0.00,0.00,0,0
1419358796,s1-eth1,1222084.00,27296.70,1249380.62,27324,1223306,412.59,413.59,826.17,414,413,0.00,0.00,0,0
1419358796,s1-eth3,19516.48,896589.44,916105.94,897486,19536,295.70,302.70,598.40,303,296,0.00,0.00,0,0
1419358796,s1-eth2,7780.22,355084.94,362865.16,355440,7788,117.88,119.88,237.76,120,118,0.00,0.00,0,0
1419358796,s4,0.00,0.00,0.00,0,0,0.00,0.00,0.00,0,0,0.00,0.00,0,0
1419358796,s2-eth1,896589.44,19516.48,916105.94,19536,897486,302.70,295.70,598.40,296,303,0.00,0.00,0,0
1419358796,s2-eth3,12263.74,565176.81,577440.56,565742,12276,185.81,190.81,376.62,191,186,0.00,0.00,0,0
1419358796,s2-eth2,7252.75,331412.59,338665.34,331744,7260,109.89,111.89,221.78,112,110,0.00,0.00,0,0
1419358796,s3-eth1,565176.81,12263.74,577440.56,12276,565742,190.81,185.81,376.62,186,191,0.00,0.00,0,0
1419358796,s5,0.00,0.00,0.00,0,0,0.00,0.00,0.00,0,0,0.00,0.00,0,0
1419358796,s3-eth3,6989.01,322535.47,329524.50,322858,6996,105.89,108.89,214.79,109,106,0.00,0.00,0,0
1419358796,s3-eth2,5274.73,245600.41,250875.12,245846,5280,79.92,82.92,162.84,83,80,0.00,0.00,0,0
1419358796,eth0,0.00,0.00,0.00,0,0,0.00,0.00,0.00,0,0,0.00,0.00,0,0
1419358796,lo,0.00,0.00,0.00,0,0,0.00,0.00,0.00,0,0,0.00,0.00,0,0
1419358796,s1,0.00,0.00,0.00,0,0,0.00,0.00,0.00,0,0,0.00,0.00,0,0
1419358796,s4-eth1,322535.47,6989.01,329524.50,6996,322858,108.89,105.89,214.79,106,109,0.00,0.00,0,0
1419358796,s4-eth2,6989.01,322535.47,329524.50,322858,6996,105.89,108.89,214.79,109,106,0.00,0.00,0,0
1419358796,s4-eth3,0.00,0.00,0.00,0,0,0.00,0.00,0.00,0,0,0.00,0.00,0,0
1419358796,s2,0.00,0.00,0.00,0,0,0.00,0.00,0.00,0,0,0.00,0.00,0,0
1419358796,s5-eth1,0.00,0.00,0.00,0,0,0.00,0.00,0.00,0,0,0.00,0.00,0,0
1419358796,total,3069385.25,3101902.25,6171287.50,3108106,3075524,2013.97,2024.95,4038.92,2029,2018,0.00,0.00,0,0
1419358797,s3,0.00,0.00,0.00,0,0,0.00,0.00,0.00,0,0,0.00,0.00,0,0
1419358797,s1-eth1,1223820.38,27203.59,1251024.00,27258,1226268,413.17,412.18,825.35,413,414,0.00,0.00,0,0
1419358797,s1-eth3,19958.08,937079.88,957037.94,938954,19998,302.40,316.37,618.76,317,303,0.00,0.00,0,0
1419358797,s1-eth2,7245.51,339950.09,347195.62,340630,7260,109.78,114.77,224.55,115,110,0.00,0.00,0,0
1419358797,s4,0.00,0.00,0.00,0,0,0.00,0.00,0.00,0,0,0.00,0.00,0,0
1419358797,s2-eth1,937079.88,19958.08,957037.94,19998,938954,316.37,302.40,618.76,303,317,0.00,0.00,0,0
1419358797,s2-eth3,12778.44,605998.00,618776.44,607210,12804,193.61,204.59,398.20,205,194,0.00,0.00,0,0
1419358797,s2-eth2,7179.64,334037.94,341217.56,334706,7194,108.78,112.77,221.56,113,109,0.00,0.00,0,0
1419358797,s3-eth1,605998.00,12778.44,618776.44,12804,607210,204.59,193.61,398.20,194,205,0.00,0.00,0,0
1419358797,s5,0.00,0.00,0.00,0,0,0.00,0.00,0.00,0,0,0.00,0.00,0,0
1419358797,s3-eth3,7311.38,339950.09,347261.50,340630,7326,110.78,114.77,225.55,115,111,0.00,0.00,0,0
1419358797,s3-eth2,5467.07,263091.81,268558.88,263618,5478,82.83,88.82,171.66,89,83,0.00,0.00,0,0
1419358797,eth0,0.00,0.00,0.00,0,0,0.00,0.00,0.00,0,0,0.00,0.00,0,0
1419358797,lo,0.00,0.00,0.00,0,0,0.00,0.00,0.00,0,0,0.00,0.00,0,0
1419358797,s1,0.00,0.00,0.00,0,0,0.00,0.00,0.00,0,0,0.00,0.00,0,0
1419358797,s4-eth1,339950.09,7311.38,347261.50,7326,340630,114.77,110.78,225.55,111,115,0.00,0.00,0,0
1419358797,s4-eth2,7311.38,339950.09,347261.50,340630,7326,110.78,114.77,225.55,115,111,0.00,0.00,0,0
1419358797,s4-eth3,0.00,0.00,0.00,0,0,0.00,0.00,0.00,0,0,0.00,0.00,0,0
1419358797,s2,0.00,0.00,0.00,0,0,0.00,0.00,0.00,0,0,0.00,0.00,0,0
1419358797,s5-eth1,0.00,0.00,0.00,0,0,0.00,0.00,0.00,0,0,0.00,0.00,0,0
1419358797,total,3177270.75,3230533.50,6407804.50,3233764,3180448,2069.93,2087.91,4157.84,2090,2072,0.00,0.00,0,0
1419358798,s3,0.00,0.00,0.00,0,0,0.00,0.00,0.00,0,0,0.00,0.00,0,0
1419358798,s1-eth1,1222084.00,27296.70,1249380.62,27324,1223306,412.59,413.59,826.17,414,413,0.00,0.00,0,0
1419358798,s1-eth3,19714.29,952811.19,972525.50,953764,19734,298.70,321.68,620.38,322,299,0.00,0.00,0,0
1419358798,s1-eth2,7582.42,361003.00,368585.44,361364,7590,114.89,121.88,236.76,122,115,0.00,0.00,0,0
1419358798,s4,0.00,0.00,0.00,0,0,0.00,0.00,0.00,0,0,0.00,0.00,0,0
1419358798,s2-eth1,952811.19,19714.29,972525.50,19734,953764,321.68,298.70,620.38,299,322,0.00,0.00,0,0
1419358798,s2-eth3,13200.00,636830.00,650030.00,636830,13200,200.00,215.00,415.00,215,200,0.00,0.00,0,0
1419358798,s2-eth2,6534.00,316934.00,323468.00,316934,6534,99.00,107.00,206.00,107,99,0.00,0.00,0,0
1419358798,s3-eth1,636830.00,13200.00,650030.00,13200,636830,215.00,200.00,415.00,200,215,0.00,0.00,0,0
1419358798,s5,0.00,0.00,0.00,0,0,0.00,0.00,0.00,0,0,0.00,0.00,0,0
1419358798,s3-eth3,8052.00,390984.00,399036.00,390984,8052,122.00,132.00,254.00,132,122,0.00,0.00,0,0
1419358798,s3-eth2,5082.00,251770.00,256852.00,251770,5082,77.00,85.00,162.00,85,77,0.00,0.00,0,0
1419358798,eth0,0.00,0.00,0.00,0,0,0.00,0.00,0.00,0,0,0.00,0.00,0,0
1419358798,lo,171.83,171.83,343.66,172,172,3.00,3.00,5.99,3,3,0.00,0.00,0,0
1419358798,s1,0.00,0.00,0.00,0,0,0.00,0.00,0.00,0,0,0.00,0.00,0,0
1419358798,s4-eth1,390593.41,8043.96,398637.38,8052,390984,131.87,121.88,253.75,122,132,0.00,0.00,0,0
1419358798,s4-eth2,8043.96,390593.41,398637.38,390984,8052,121.88,131.87,253.75,132,122,0.00,0.00,0,0
1419358798,s4-eth3,0.00,0.00,0.00,0,0,0.00,0.00,0.00,0,0,0.00,0.00,0,0
1419358798,s2,0.00,0.00,0.00,0,0,0.00,0.00,0.00,0,0,0.00,0.00,0,0
1419358798,s5-eth1,0.00,0.00,0.00,0,0,0.00,0.00,0.00,0,0,0.00,0.00,0,0
1419358798,total,3270030.00,3367744.25,6637774.50,3371112,3273300,2116.88,2150.85,4267.73,2153,2119,0.00,0.00,0,0
1419358799,s3,0.00,0.00,0.00,0,0,0.00,0.00,0.00,0,0,0.00,0.00,0,0
1419358799,s1-eth1,1222084.00,29032.97,1251116.88,29062,1223306,412.59,412.59,825.17,413,413,0.00,0.00,0,0
1419358799,s1-eth3,21750.25,938221.81,959972.06,939160,21772,311.69,363.64,675.32,364,312,0.00,0.00,0,0
1419358799,s1-eth2,7262.74,299918.09,307180.81,300218,7270,100.90,116.88,217.78,117,101,0.00,0.00,0,0
1419358799,s4,0.00,0.00,0.00,0,0,0.00,0.00,0.00,0,0,0.00,0.00,0,0
1419358799,s2-eth1,938221.81,21750.25,959972.06,21772,939160,363.64,311.69,675.32,312,364,0.00,0.00,0,0
1419358799,s2-eth3,14377.62,624955.06,639332.69,625580,14392,205.79,241.76,447.55,242,206,0.00,0.00,0,0
1419358799,s2-eth2,7365.27,309998.00,317363.28,310618,7380,105.79,120.76,226.55,121,106,0.00,0.00,0,0
1419358799,s3-eth1,624331.38,14363.27,638694.62,14392,625580,241.52,205.59,447.11,206,242,0.00,0.00,0,0
1419358799,s5,0.00,0.00,0.00,0,0,0.00,0.00,0.00,0,0,0.00,0.00,0,0
1419358799,s3-eth3,7814.37,322085.84,329900.22,322730,7830,110.78,128.74,239.52,129,111,0.00,0.00,0,0
1419358799,s3-eth2,6614.77,297844.31,304459.09,298440,6628,95.81,111.78,207.58,112,96,0.00,0.00,0,0
1419358799,eth0,0.00,0.00,0.00,0,0,0.00,0.00,0.00,0,0,0.00,0.00,0,0
1419358799,lo,0.00,0.00,0.00,0,0,0.00,0.00,0.00,0,0,0.00,0.00,0,0
1419358799,s1,0.00,0.00,0.00,0,0,0.00,0.00,0.00,0,0,0.00,0.00,0,0
1419358799,s4-eth1,322085.84,7814.37,329900.22,7830,322730,128.74,110.78,239.52,111,129,0.00,0.00,0,0
1419358799,s4-eth2,7814.37,322085.84,329900.22,322730,7830,110.78,128.74,239.52,129,111,0.00,0.00,0,0
1419358799,s4-eth3,0.00,0.00,0.00,0,0,0.00,0.00,0.00,0,0,0.00,0.00,0,0
1419358799,s2,0.00,0.00,0.00,0,0,0.00,0.00,0.00,0,0,0.00,0.00,0,0
1419358799,s5-eth1,0.00,0.00,0.00,0,0,0.00,0.00,0.00,0,0,0.00,0.00,0,0
1419358799,total,3177523.00,3186159.75,6363683.00,3192532,3183878,2186.63,2251.50,4438.12,2256,2191,0.00,0.00,0,0
1419358800,s3,0.00,0.00,0.00,0,0,0.00,0.00,0.00,0,0,0.00,0.00,0,0
1419358800,s1-eth1,1241209.62,63079.84,1304289.50,63206,1243692,676.65,675.65,1352.30,677,678,0.00,0.00,0,0
1419358800,s1-eth3,51720.56,1030018.00,1081738.50,1032078,51824,554.89,629.74,1184.63,631,556,0.00,0.00,0,0
1419358800,s1-eth2,11351.30,357834.34,369185.62,358550,11374,120.76,210.58,331.34,211,121,0.00,0.00,0,0
1419358800,s4,0.00,0.00,0.00,0,0,0.00,0.00,0.00,0,0,0.00,0.00,0,0
1419358800,s2-eth1,1030018.00,51720.56,1081738.50,51824,1032078,629.74,554.89,1184.63,556,631,0.00,0.00,0,0
1419358800,s2-eth3,34415.17,678421.19,712836.38,679778,34484,369.26,404.19,773.45,405,370,0.00,0.00,0,0
1419358800,s2-eth2,17228.77,357998.00,375226.78,358356,17246,184.82,229.77,414.59,230,185,0.00,0.00,0,0
1419358800,s3-eth1,679098.94,34449.55,713548.50,34484,679778,404.60,369.63,774.23,370,405,0.00,0.00,0,0
1419358800,s5,0.00,0.00,0.00,0,0,0.00,0.00,0.00,0,0,0.00,0.00,0,0
1419358800,s3-eth3,18297.70,346421.59,364719.28,346768,18316,197.80,207.79,405.59,208,198,0.00,0.00,0,0
1419358800,s3-eth2,16151.85,331164.84,347316.69,331496,16168,171.83,195.80,367.63,196,172,0.00,0.00,0,0
1419358800,eth0,0.00,0.00,0.00,0,0,0.00,0.00,0.00,0,0,0.00,0.00,0,0
1419358800,lo,687.31,687.31,1374.63,688,688,11.99,11.99,23.98,12,12,0.00,0.00,0,0
1419358800,s1,0.00,0.00,0.00,0,0,0.00,0.00,0.00,0,0,0.00,0.00,0,0
1419358800,s4-eth1,346421.59,18297.70,364719.28,18316,346768,207.79,197.80,405.59,198,208,0.00,0.00,0,0
1419358800,s4-eth2,18279.44,346075.84,364355.31,346768,18316,197.60,207.58,405.19,208,198,0.00,0.00,0,0
1419358800,s4-eth3,0.00,0.00,0.00,0,0,0.00,0.00,0.00,0,0,0.00,0.00,0,0
1419358800,s2,0.00,0.00,0.00,0,0,0.00,0.00,0.00,0,0,0.00,0.00,0,0
1419358800,s5-eth1,0.00,0.00,0.00,0,0,0.00,0.00,0.00,0,0,0.00,0.00,0,0
1419358800,total,3463804.50,3615082.00,7078886.50,3622312,3470732,3726.55,3894.21,7620.76,3902,3734,0.00,0.00,0,0
1419358801,s3,0.00,0.00,0.00,0,0,0.00,0.00,0.00,0,0,0.00,0.00,0,0
1419358801,s1-eth1,1246471.50,57200.80,1303672.38,57258,1247718,738.26,694.31,1432.57,695,739,0.00,0.00,0,0
1419358801,s1-eth3,37156.84,804359.69,841516.50,805164,37194,462.54,417.58,880.12,418,463,0.00,0.00,0,0
1419358801,s1-eth2,20071.93,420991.03,441062.94,421412,20092,231.77,241.76,473.53,242,232,0.00,0.00,0,0
1419358801,s4,0.00,0.00,0.00,0,0,0.00,0.00,0.00,0,0,0.00,0.00,0,0
1419358801,s2-eth1,804359.69,37156.84,841516.50,37194,805164,417.58,462.54,880.12,463,418,0.00,0.00,0,0
1419358801,s2-eth3,23496.50,517980.03,541476.56,518498,23520,291.71,264.74,556.44,265,292,0.00,0.00,0,0
1419358801,s2-eth2,13754.25,283288.72,297042.97,283572,13768,171.83,149.85,321.68,150,172,0.00,0.00,0,0
1419358801,s3-eth1,517980.03,23496.50,541476.56,23520,518498,264.74,291.71,556.44,292,265,0.00,0.00,0,0
1419358801,s5,0.00,0.00,0.00,0,0,0.00,0.00,0.00,0,0,0.00,0.00,0,0
1419358801,s3-eth3,13942.06,273162.84,287104.91,273436,13956,167.83,149.85,317.68,150,168,0.00,0.00,0,0
1419358801,s3-eth2,9564.00,245062.00,254626.00,245062,9564,124.00,115.00,239.00,115,124,0.00,0.00,0,0
1419358801,eth0,0.00,0.00,0.00,0,0,0.00,0.00,0.00,0,0,0.00,0.00,0,0
1419358801,lo,0.00,0.00,0.00,0,0,0.00,0.00,0.00,0,0,0.00,0.00,0,0
1419358801,s1,0.00,0.00,0.00,0,0,0.00,0.00,0.00,0,0,0.00,0.00,0,0
1419358801,s4-eth1,273436.00,13956.00,287392.00,13956,273436,150.00,168.00,318.00,168,150,0.00,0.00,0,0
1419358801,s4-eth2,13956.00,273436.00,287392.00,273436,13956,168.00,150.00,318.00,150,168,0.00,0.00,0,0
1419358801,s4-eth3,0.00,0.00,0.00,0,0,0.00,0.00,0.00,0,0,0.00,0.00,0,0
1419358801,s2,0.00,0.00,0.00,0,0,0.00,0.00,0.00,0,0,0.00,0.00,0,0
1419358801,s5-eth1,0.00,0.00,0.00,0,0,0.00,0.00,0.00,0,0,0.00,0.00,0,0
1419358801,total,2976866.00,2952508.00,5929374.00,2952508,2976866,3191.00,3108.00,6299.00,3108,3191,0.00,0.00,0,0
1419358802,s3,0.00,0.00,0.00,0,0,0.00,0.00,0.00,0,0,0.00,0.00,0,0
1419358802,s1-eth1,1223372.00,27390.00,1250762.00,27390,1223372,414.00,415.00,829.00,415,414,0.00,0.00,0,0
1419358802,s1-eth3,17490.00,802702.00,820192.00,802702,17490,265.00,271.00,536.00,271,265,0.00,0.00,0,0
1419358802,s1-eth2,9966.00,450224.00,460190.00,450224,9966,151.00,152.00,303.00,152,151,0.00,0.00,0,0
1419358802,s4,0.00,0.00,0.00,0,0,0.00,0.00,0.00,0,0,0.00,0.00,0,0
1419358802,s2-eth1,802702.00,17490.00,820192.00,17490,802702,271.00,265.00,536.00,265,271,0.00,0.00,0,0
1419358802,s2-eth3,11670.33,535586.44,547256.75,536122,11682,176.82,180.82,357.64,181,177,0.00,0.00,0,0
1419358802,s2-eth2,5736.26,266313.69,272049.97,266580,5742,86.91,89.91,176.82,90,87,0.00,0.00,0,0
1419358802,s3-eth1,535586.44,11670.33,547256.75,11682,536122,180.82,176.82,357.64,177,181,0.00,0.00,0,0
1419358802,s5,0.00,0.00,0.00,0,0,0.00,0.00,0.00,0,0,0.00,0.00,0,0
1419358802,s3-eth3,6329.67,289986.03,296315.69,290276,6336,95.90,97.90,193.81,98,96,0.00,0.00,0,0
1419358802,s3-eth2,5340.66,248559.45,253900.11,248808,5346,80.92,83.92,164.84,84,81,0.00,0.00,0,0
1419358802,eth0,0.00,0.00,0.00,0,0,0.00,0.00,0.00,0,0,0.00,0.00,0,0
1419358802,lo,0.00,0.00,0.00,0,0,0.00,0.00,0.00,0,0,0.00,0.00,0,0
1419358802,s1,0.00,0.00,0.00,0,0,0.00,0.00,0.00,0,0,0.00,0.00,0,0
1419358802,s4-eth1,289986.03,6329.67,296315.69,6336,290276,97.90,95.90,193.81,96,98,0.00,0.00,0,0
1419358802,s4-eth2,6329.67,289986.03,296315.69,290276,6336,95.90,97.90,193.81,98,96,0.00,0.00,0,0
1419358802,s4-eth3,0.00,0.00,0.00,0,0,0.00,0.00,0.00,0,0,0.00,0.00,0,0
1419358802,s2,0.00,0.00,0.00,0,0,0.00,0.00,0.00,0,0,0.00,0.00,0,0
1419358802,s5-eth1,0.00,0.00,0.00,0,0,0.00,0.00,0.00,0,0,0.00,0.00,0,0
1419358802,total,2912457.50,2944941.25,5857399.00,2947886,2915370,1915.08,1925.07,3840.16,1927,1917,0.00,0.00,0,0
1419358803,s3,0.00,0.00,0.00,0,0,0.00,0.00,0.00,0,0,0.00,0.00,0,0
1419358803,s1-eth1,1222084.00,27296.70,1249380.62,27324,1223306,412.59,413.59,826.17,414,413,0.00,0.00,0,0
1419358803,s1-eth3,18527.47,831490.56,850018.00,832322,18546,280.72,280.72,561.44,281,281,0.00,0.00,0,0
1419358803,s1-eth2,8703.30,396511.50,405214.78,396908,8712,131.87,133.87,265.73,134,132,0.00,0.00,0,0
1419358803,s4,0.00,0.00,0.00,0,0,0.00,0.00,0.00,0,0,0.00,0.00,0,0
1419358803,s2-eth1,831490.56,18527.47,850018.00,18546,832322,280.72,280.72,561.44,281,281,0.00,0.00,0,0
1419358803,s2-eth3,12263.74,550381.62,562645.38,550932,12276,185.81,185.81,371.63,186,186,0.00,0.00,0,0
1419358803,s2-eth2,6329.67,284067.94,290397.62,284352,6336,95.90,95.90,191.81,96,96,0.00,0.00,0,0
1419358803,s3-eth1,550381.62,12263.74,562645.38,12276,550932,185.81,185.81,371.63,186,186,0.00,0.00,0,0
1419358803,s5,0.00,0.00,0.00,0,0,0.00,0.00,0.00,0,0,0.00,0.00,0,0
1419358803,s3-eth3,6659.34,298863.16,305522.50,299162,6666,100.90,100.90,201.80,101,101,0.00,0.00,0,0
1419358803,s3-eth2,5538.46,248559.45,254097.91,248808,5544,83.92,83.92,167.83,84,84,0.00,0.00,0,0
1419358803,eth0,0.00,0.00,0.00,0,0,0.00,0.00,0.00,0,0,0.00,0.00,0,0
1419358803,lo,171.83,171.83,343.66,172,172,3.00,3.00,5.99,3,3,0.00,0.00,0,0
1419358803,s1,0.00,0.00,0.00,0,0,0.00,0.00,0.00,0,0,0.00,0.00,0,0
1419358803,s4-eth1,298863.16,6725.27,305588.41,6732,299162,100.90,101.90,202.80,102,101,0.00,0.00,0,0
1419358803,s4-eth2,6659.34,301822.19,308481.53,302124,6666,100.90,101.90,202.80,102,101,0.00,0.00,0,0
1419358803,s4-eth3,0.00,0.00,0.00,0,0,0.00,0.00,0.00,0,0,0.00,0.00,0,0
1419358803,s2,0.00,0.00,0.00,0,0,0.00,0.00,0.00,0,0,0.00,0.00,0,0
1419358803,s5-eth1,0.00,0.00,0.00,0,0,0.00,0.00,0.00,0,0,0.00,0.00,0,0
1419358803,total,2967672.50,2976681.50,5944354.00,2979658,2970640,1963.04,1968.03,3931.07,1970,1965,0.00,0.00,0,0
1419358804,s3,0.00,0.00,0.00,0,0,0.00,0.00,0.00,0,0,0.00,0.00,0,0
1419358804,s1-eth1,1225043.00,27230.77,1252273.75,27258,1226268,413.59,412.59,826.17,413,414,0.00,0.00,0,0
1419358804,s1-eth3,18329.67,822613.44,840943.06,823436,18348,277.72,277.72,555.44,278,278,0.00,0.00,0,0
1419358804,s1-eth2,8967.03,402429.59,411396.62,402832,8976,135.86,135.86,271.73,136,136,0.00,0.00,0,0
1419358804,s4,0.00,0.00,0.00,0,0,0.00,0.00,0.00,0,0,0.00,0.00,0,0
1419358804,s2-eth1,822613.44,18329.67,840943.06,18348,823436,277.72,277.72,555.44,278,278,0.00,0.00,0,0
1419358804,s2-eth3,11934.07,538545.50,550479.56,539084,11946,180.82,181.82,362.64,182,181,0.00,0.00,0,0
1419358804,s2-eth2,6329.67,284067.94,290397.62,284352,6336,95.90,95.90,191.81,96,96,0.00,0.00,0,0
1419358804,s3-eth1,538545.50,11934.07,550479.56,11946,539084,181.82,180.82,362.64,181,182,0.00,0.00,0,0
1419358804,s5,0.00,0.00,0.00,0,0,0.00,0.00,0.00,0,0,0.00,0.00,0,0
1419358804,s3-eth3,6395.60,289986.03,296381.62,290276,6402,96.90,97.90,194.81,98,97,0.00,0.00,0,0
1419358804,s3-eth2,5604.40,251518.48,257122.89,251770,5610,84.92,84.92,169.83,85,85,0.00,0.00,0,0
1419358804,eth0,0.00,0.00,0.00,0,0,0.00,0.00,0.00,0,0,0.00,0.00,0,0
1419358804,lo,0.00,0.00,0.00,0,0,0.00,0.00,0.00,0,0,0.00,0.00,0,0
1419358804,s1,0.00,0.00,0.00,0,0,0.00,0.00,0.00,0,0,0.00,0.00,0,0
1419358804,s4-eth1,289986.03,6329.67,296315.69,6336,290276,97.90,95.90,193.81,96,98,0.00,0.00,0,0
1419358804,s4-eth2,6395.60,287026.97,293422.59,287314,6402,96.90,96.90,193.81,97,97,0.00,0.00,0,0
1419358804,s4-eth3,0.00,0.00,0.00,0,0,0.00,0.00,0.00,0,0,0.00,0.00,0,0
1419358804,s2,0.00,0.00,0.00,0,0,0.00,0.00,0.00,0,0,0.00,0.00,0,0
1419358804,s5-eth1,0.00,0.00,0.00,0,0,0.00,0.00,0.00,0,0,0.00,0.00,0,0
1419358804,total,2940144.00,2940012.00,5880156.00,2942952,2943084,1940.06,1938.06,3878.12,1940,1942,0.00,0.00,0,0
1419358805,s3,0.00,0.00,0.00,0,0,0.00,0.00,0.00,0,0,0.00,0.00,0,0
1419358805,s1-eth1,1223306.00,27258.00,1250564.00,27258,1223306,413.00,413.00,826.00,413,413,0.00,0.00,0,0
1419358805,s1-eth3,18150.00,826398.00,844548.00,826398,18150,275.00,279.00,554.00,279,275,0.00,0.00,0,0
1419358805,s1-eth2,9108.00,408756.00,417864.00,408756,9108,138.00,138.00,276.00,138,138,0.00,0.00,0,0
1419358805,s4,0.00,0.00,0.00,0,0,0.00,0.00,0.00,0,0,0.00,0.00,0,0
1419358805,s2-eth1,826398.00,18150.00,844548.00,18150,826398,279.00,275.00,554.00,275,279,0.00,0.00,0,0
1419358805,s2-eth3,12012.00,545008.00,557020.00,545008,12012,182.00,184.00,366.00,184,182,0.00,0.00,0,0
1419358805,s2-eth2,6138.00,278428.00,284566.00,278428,6138,93.00,94.00,187.00,94,93,0.00,0.00,0,0
1419358805,s3-eth1,544463.56,12000.00,556463.56,12012,545008,183.82,181.82,365.63,182,184,0.00,0.00,0,0
1419358805,s5,0.00,0.00,0.00,0,0,0.00,0.00,0.00,0,0,0.00,0.00,0,0
1419358805,s3-eth3,6389.22,289696.62,296085.84,290276,6402,96.81,97.80,194.61,98,97,0.00,0.00,0,0
1419358805,s3-eth2,5598.80,254223.56,259822.36,254732,5610,84.83,85.83,170.66,86,85,0.00,0.00,0,0
1419358805,eth0,0.00,0.00,0.00,0,0,0.00,0.00,0.00,0,0,0.00,0.00,0,0
1419358805,lo,686.63,686.63,1373.25,688,688,11.98,11.98,23.95,12,12,0.00,0.00,0,0
1419358805,s1,0.00,0.00,0.00,0,0,0.00,0.00,0.00,0,0,0.00,0.00,0,0
1419358805,s4-eth1,289696.62,6455.09,296151.72,6468,290276,97.80,97.80,195.61,98,98,0.00,0.00,0,0
1419358805,s4-eth2,6389.22,289696.62,296085.84,290276,6402,96.81,97.80,194.61,98,97,0.00,0.00,0,0
1419358805,s4-eth3,0.00,0.00,0.00,0,0,0.00,0.00,0.00,0,0,0.00,0.00,0,0
1419358805,s2,0.00,0.00,0.00,0,0,0.00,0.00,0.00,0,0,0.00,0.00,0,0
1419358805,s5-eth1,0.00,0.00,0.00,0,0,0.00,0.00,0.00,0,0,0.00,0.00,0,0
1419358805,total,2943610.75,2952545.00,5896156.00,2958450,2949498,1949.10,1953.09,3902.20,1957,1953,0.00,0.00,0,0
1419358806,s3,0.00,0.00,0.00,0,0,0.00,0.00,0.00,0,0,0.00,0.00,0,0
1419358806,s1-eth1,1214952.12,27071.86,1242024.00,27126,1217382,410.18,410.18,820.36,411,411,0.00,0.00,0,0
1419358806,s1-eth3,18113.77,830660.69,848774.50,832322,18150,274.45,280.44,554.89,281,275,0.00,0.00,0,0
1419358806,s1-eth2,8958.08,404984.03,413942.12,405794,8976,135.73,136.73,272.46,137,136,0.00,0.00,0,0
1419358806,s4,0.00,0.00,0.00,0,0,0.00,0.00,0.00,0,0,0.00,0.00,0,0
1419358806,s2-eth1,830660.69,18113.77,848774.50,18150,832322,280.44,274.45,554.89,275,281,0.00,0.00,0,0
1419358806,s2-eth3,11856.29,543920.19,555776.44,545008,11880,179.64,183.63,363.27,184,180,0.00,0.00,0,0
1419358806,s2-eth2,6257.49,286740.53,292998.00,287314,6270,94.81,96.81,191.62,97,95,0.00,0.00,0,0
1419358806,s3-eth1,543920.19,11856.29,555776.44,11880,545008,183.63,179.64,363.27,180,184,0.00,0.00,0,0
1419358806,s5,0.00,0.00,0.00,0,0,0.00,0.00,0.00,0,0,0.00,0.00,0,0
1419358806,s3-eth3,6000.00,275190.81,281190.81,275466,6006,90.91,92.91,183.82,93,91,0.00,0.00,0,0
1419358806,s3-eth2,5802.20,266313.69,272115.91,266580,5808,87.91,89.91,177.82,90,88,0.00,0.00,0,0
1419358806,eth0,0.00,0.00,0.00,0,0,0.00,0.00,0.00,0,0,0.00,0.00,0,0
1419358806,lo,0.00,0.00,0.00,0,0,0.00,0.00,0.00,0,0,0.00,0.00,0,0
1419358806,s1,0.00,0.00,0.00,0,0,0.00,0.00,0.00,0,0,0.00,0.00,0,0
1419358806,s4-eth1,275190.81,5934.07,281124.88,5940,275466,92.91,89.91,182.82,90,93,0.00,0.00,0,0
1419358806,s4-eth2,6000.00,275190.81,281190.81,275466,6006,90.91,92.91,183.82,93,91,0.00,0.00,0,0
1419358806,s4-eth3,0.00,0.00,0.00,0,0,0.00,0.00,0.00,0,0,0.00,0.00,0,0
1419358806,s2,0.00,0.00,0.00,0,0,0.00,0.00,0.00,0,0,0.00,0.00,0,0
1419358806,s5-eth1,0.00,0.00,0.00,0,0,0.00,0.00,0.00,0,0,0.00,0.00,0,0
1419358806,total,2930343.75,2948098.00,5878441.50,2951046,2933274,1923.08,1929.07,3852.15,1931,1925,0.00,0.00,0,0
1419358807,s3,0.00,0.00,0.00,0,0,0.00,0.00,0.00,0,0,0.00,0.00,0,0
1419358807,s1-eth1,1223306.00,27258.00,1250564.00,27258,1223306,413.00,413.00,826.00,413,413,0.00,0.00,0,0
1419358807,s1-eth3,19404.00,918220.00,937624.00,918220,19404,294.00,310.00,604.00,310,294,0.00,0.00,0,0
1419358807,s1-eth2,7854.00,358402.00,366256.00,358402,7854,119.00,121.00,240.00,121,119,0.00,0.00,0,0
1419358807,s4,0.00,0.00,0.00,0,0,0.00,0.00,0.00,0,0,0.00,0.00,0,0
1419358807,s2-eth1,918220.00,19404.00,937624.00,19404,918220,310.00,294.00,604.00,294,310,0.00,0.00,0,0
1419358807,s2-eth3,13002.00,616096.00,629098.00,616096,13002,197.00,208.00,405.00,208,197,0.00,0.00,0,0
1419358807,s2-eth2,6461.54,304781.22,311242.78,305086,6468,97.90,102.90,200.80,103,98,0.00,0.00,0,0
1419358807,s3-eth1,615480.56,12989.01,628469.56,13002,616096,207.79,196.80,404.60,197,208,0.00,0.00,0,0
1419358807,s5,0.00,0.00,0.00,0,0,0.00,0.00,0.00,0,0,0.00,0.00,0,0
1419358807,s3-eth3,6857.14,322535.47,329392.62,322858,6864,103.90,108.89,212.79,109,104,0.00,0.00,0,0
1419358807,s3-eth2,6197.80,292945.06,299142.88,293238,6204,93.91,98.90,192.81,99,94,0.00,0.00,0,0
1419358807,eth0,0.00,0.00,0.00,0,0,0.00,0.00,0.00,0,0,0.00,0.00,0,0
1419358807,lo,0.00,0.00,0.00,0,0,0.00,0.00,0.00,0,0,0.00,0.00,0,0
1419358807,s1,0.00,0.00,0.00,0,0,0.00,0.00,0.00,0,0,0.00,0.00,0,0
1419358807,s4-eth1,322535.47,6857.14,329392.62,6864,322858,108.89,103.90,212.79,104,109,0.00,0.00,0,0
1419358807,s4-eth2,6857.14,322535.47,329392.62,322858,6864,103.90,108.89,212.79,109,104,0.00,0.00,0,0
1419358807,s4-eth3,0.00,0.00,0.00,0,0,0.00,0.00,0.00,0,0,0.00,0.00,0,0
1419358807,s2,0.00,0.00,0.00,0,0,0.00,0.00,0.00,0,0,0.00,0.00,0,0
1419358807,s5-eth1,0.00,0.00,0.00,0,0,0.00,0.00,0.00,0,0,0.00,0.00,0,0
1419358807,total,3143996.00,3200086.00,6344082.00,3203286,3147140,2047.95,2064.94,4112.89,2067,2050,0.00,0.00,0,0
1419358808,s3,0.00,0.00,0.00,0,0,0.00,0.00,0.00,0,0,0.00,0.00,0,0
1419358808,s1-eth1,1220864.25,27269.46,1248133.75,27324,1223306,412.18,413.17,825.35,414,413,0.00,0.00,0,0
1419358808,s1-eth3,19365.27,942992.06,962357.31,944878,19404,293.41,318.36,611.78,319,294,0.00,0.00,0,0
1419358808,s1-eth2,7838.32,375423.16,383261.50,376174,7854,118.76,126.75,245.51,127,119,0.00,0.00,0,0
1419358808,s4,0.00,0.00,0.00,0,0,0.00,0.00,0.00,0,0,0.00,0.00,0,0
1419358808,s2-eth1,942992.06,19365.27,962357.31,19404,944878,318.36,293.41,611.78,294,319,0.00,0.00,0,0
1419358808,s2-eth3,12910.18,626690.62,639600.81,627944,12936,195.61,211.58,407.19,212,196,0.00,0.00,0,0
1419358808,s2-eth2,6455.09,310389.22,316844.31,311010,6468,97.80,104.79,202.59,105,98,0.00,0.00,0,0
1419358808,s3-eth1,626690.62,12910.18,639600.81,12936,627944,211.58,195.61,407.19,196,212,0.00,0.00,0,0
1419358808,s5,0.00,0.00,0.00,0,0,0.00,0.00,0.00,0,0,0.00,0.00,0,0
1419358808,s3-eth3,6784.43,328125.75,334910.19,328782,6798,102.79,110.78,213.57,111,103,0.00,0.00,0,0
1419358808,s3-eth2,6131.87,298863.16,304995.00,299162,6138,92.91,100.90,193.81,101,93,0.00,0.00,0,0
1419358808,eth0,0.00,0.00,0.00,0,0,0.00,0.00,0.00,0,0,0.00,0.00,0,0
1419358808,lo,171.83,171.83,343.66,172,172,3.00,3.00,5.99,3,3,0.00,0.00,0,0
1419358808,s1,0.00,0.00,0.00,0,0,0.00,0.00,0.00,0,0,0.00,0.00,0,0
1419358808,s4-eth1,328453.56,6791.21,335244.75,6798,328782,110.89,102.90,213.79,103,111,0.00,0.00,0,0
1419358808,s4-eth2,6791.21,328453.56,335244.75,328782,6798,102.90,110.89,213.79,111,103,0.00,0.00,0,0
1419358808,s4-eth3,0.00,0.00,0.00,0,0,0.00,0.00,0.00,0,0,0.00,0.00,0,0
1419358808,s2,0.00,0.00,0.00,0,0,0.00,0.00,0.00,0,0,0.00,0.00,0,0
1419358808,s5-eth1,0.00,0.00,0.00,0,0,0.00,0.00,0.00,0,0,0.00,0.00,0,0
1419358808,total,3188289.75,3280086.00,6468376.00,3283366,3191478,2061.94,2093.91,4155.84,2096,2064,0.00,0.00,0,0
1419358809,s3,0.00,0.00,0.00,0,0,0.00,0.00,0.00,0,0,0.00,0.00,0,0
1419358809,s1-eth1,1223306.00,27258.00,1250564.00,27258,1223306,413.00,413.00,826.00,413,413,0.00,0.00,0,0
1419358809,s1-eth3,18942.00,962650.00,981592.00,962650,18942,287.00,325.00,612.00,325,287,0.00,0.00,0,0
1419358809,s1-eth2,8316.00,402832.00,411148.00,402832,8316,126.00,136.00,262.00,136,126,0.00,0.00,0,0
1419358809,s4,0.00,0.00,0.00,0,0,0.00,0.00,0.00,0,0,0.00,0.00,0,0
1419358809,s2-eth1,962650.00,18942.00,981592.00,18942,962650,325.00,287.00,612.00,287,325,0.00,0.00,0,0
1419358809,s2-eth3,12342.00,624982.00,637324.00,624982,12342,187.00,211.00,398.00,211,187,0.00,0.00,0,0
1419358809,s2-eth2,6600.00,337668.00,344268.00,337668,6600,100.00,114.00,214.00,114,100,0.00,0.00,0,0
1419358809,s3-eth1,624982.00,12342.00,637324.00,12342,624982,211.00,187.00,398.00,187,211,0.00,0.00,0,0
1419358809,s5,0.00,0.00,0.00,0,0,0.00,0.00,0.00,0,0,0.00,0.00,0,0
1419358809,s3-eth3,6138.00,308048.00,314186.00,308048,6138,93.00,104.00,197.00,104,93,0.00,0.00,0,0
1419358809,s3-eth2,6204.00,316934.00,323138.00,316934,6204,94.00,107.00,201.00,107,94,0.00,0.00,0,0
1419358809,eth0,0.00,0.00,0.00,0,0,0.00,0.00,0.00,0,0,0.00,0.00,0,0
1419358809,lo,0.00,0.00,0.00,0,0,0.00,0.00,0.00,0,0,0.00,0.00,0,0
1419358809,s1,0.00,0.00,0.00,0,0,0.00,0.00,0.00,0,0,0.00,0.00,0,0
1419358809,s4-eth1,307740.28,6131.87,313872.12,6138,308048,103.90,92.91,196.80,93,104,0.00,0.00,0,0
1419358809,s4-eth2,6131.87,307740.28,313872.12,308048,6138,92.91,103.90,196.80,104,93,0.00,0.00,0,0
1419358809,s4-eth3,0.00,0.00,0.00,0,0,0.00,0.00,0.00,0,0,0.00,0.00,0,0
1419358809,s2,0.00,0.00,0.00,0,0,0.00,0.00,0.00,0,0,0.00,0.00,0,0
1419358809,s5-eth1,0.00,0.00,0.00,0,0,0.00,0.00,0.00,0,0,0.00,0.00,0,0
1419358809,total,3180485.50,3322519.50,6503005.00,3325842,3183666,2030.97,2078.92,4109.89,2081,2033,0.00,0.00,0,0
1419358810,s3,0.00,0.00,0.00,0,0,0.00,0.00,0.00,0,0,0.00,0.00,0,0
1419358810,s1-eth1,1225310.75,35298.70,1260609.38,35334,1226536,439.56,438.56,878.12,439,440,0.00,0.00,0,0
1419358810,s1-eth3,26617.38,927250.75,953868.19,928178,26644,335.66,416.58,752.25,417,336,0.00,0.00,0,0
1419358810,s1-eth2,8747.25,287694.31,296441.56,287982,8756,103.90,150.85,254.75,151,104,0.00,0.00,0,0
1419358810,s4,0.00,0.00,0.00,0,0,0.00,0.00,0.00,0,0,0.00,0.00,0,0
1419358810,s2-eth1,927250.75,26617.38,953868.19,26644,928178,416.58,335.66,752.25,336,417,0.00,0.00,0,0
1419358810,s2-eth3,16581.42,611284.75,627866.12,611896,16598,212.79,275.72,488.51,276,213,0.00,0.00,0,0
1419358810,s2-eth2,9942.06,317478.53,327420.59,317796,9952,121.88,141.86,263.74,142,122,0.00,0.00,0,0
1419358810,s3-eth1,611284.75,16581.42,627866.12,16598,611896,275.72,212.79,488.51,213,276,0.00,0.00,0,0
1419358810,s5,0.00,0.00,0.00,0,0,0.00,0.00,0.00,0,0,0.00,0.00,0,0
1419358810,s3-eth3,8547.45,334573.44,343120.88,334908,8556,113.89,137.86,251.75,138,114,0.00,0.00,0,0
1419358810,s3-eth2,8033.97,278223.78,286257.75,278502,8042,98.90,138.86,237.76,139,99,0.00,0.00,0,0
1419358810,eth0,0.00,0.00,0.00,0,0,0.00,0.00,0.00,0,0,0.00,0.00,0,0
1419358810,lo,687.31,687.31,1374.63,688,688,11.99,11.99,23.98,12,12,0.00,0.00,0,0
1419358810,s1,0.00,0.00,0.00,0,0,0.00,0.00,0.00,0,0,0.00,0.00,0,0
1419358810,s4-eth1,334573.44,8547.45,343120.88,8556,334908,137.86,113.89,251.75,114,138,0.00,0.00,0,0
1419358810,s4-eth2,8547.45,334573.44,343120.88,334908,8556,113.89,137.86,251.75,138,114,0.00,0.00,0,0
1419358810,s4-eth3,0.00,0.00,0.00,0,0,0.00,0.00,0.00,0,0,0.00,0.00,0,0
1419358810,s2,0.00,0.00,0.00,0,0,0.00,0.00,0.00,0,0,0.00,0.00,0,0
1419358810,s5-eth1,0.00,0.00,0.00,0,0,0.00,0.00,0.00,0,0,0.00,0.00,0,0
1419358810,total,3186124.00,3178811.25,6364935.00,3181990,3189310,2382.62,2512.49,4895.11,2515,2385,0.00,0.00,0,0
1419358811,s3,0.00,0.00,0.00,0,0,0.00,0.00,0.00,0,0,0.00,0.00,0,0
1419358811,s1-eth1,1248321.75,73404.59,1321726.25,73478,1249570,788.21,788.21,1576.42,789,789,0.00,0.00,0,0
1419358811,s1-eth3,59130.87,1109572.50,1168703.38,1110682,59190,636.36,724.28,1360.64,725,637,0.00,0.00,0,0
1419358811,s1-eth2,14179.82,395810.19,409990.03,396206,14194,150.85,254.75,405.59,255,151,0.00,0.00,0,0
1419358811,s4,0.00,0.00,0.00,0,0,0.00,0.00,0.00,0,0,0.00,0.00,0,0
1419358811,s2-eth1,1109572.50,59130.87,1168703.38,59190,1110682,724.28,636.36,1360.64,637,725,0.00,0.00,0,0
1419358811,s2-eth3,41758.24,784585.44,826343.69,785370,41800,451.55,512.49,964.04,513,452,0.00,0.00,0,0
1419358811,s2-eth2,17372.63,324987.03,342359.66,325312,17390,184.82,211.79,396.60,212,185,0.00,0.00,0,0
1419358811,s3-eth1,784585.44,41758.24,826343.69,41800,785370,512.49,451.55,964.04,452,513,0.00,0.00,0,0
1419358811,s5,0.00,0.00,0.00,0,0,0.00,0.00,0.00,0,0,0.00,0.00,0,0
1419358811,s3-eth3,24009.99,436845.16,460855.16,437282,24034,262.74,284.72,547.45,285,263,0.00,0.00,0,0
1419358811,s3-eth2,17730.54,345882.25,363612.78,346574,17766,188.62,226.55,415.17,227,189,0.00,0.00,0,0
1419358811,eth0,0.00,0.00,0.00,0,0,0.00,0.00,0.00,0,0,0.00,0.00,0,0
1419358811,lo,0.00,0.00,0.00,0,0,0.00,0.00,0.00,0,0,0.00,0.00,0,0
1419358811,s1,0.00,0.00,0.00,0,0,0.00,0.00,0.00,0,0,0.00,0.00,0,0
1419358811,s4-eth1,436409.19,23986.03,460395.22,24034,437282,284.43,262.48,546.91,263,285,0.00,0.00,0,0
1419358811,s4-eth2,23986.03,436409.19,460395.22,437282,24034,262.48,284.43,546.91,285,263,0.00,0.00,0,0
1419358811,s4-eth3,0.00,0.00,0.00,0,0,0.00,0.00,0.00,0,0,0.00,0.00,0,0
1419358811,s2,0.00,0.00,0.00,0,0,0.00,0.00,0.00,0,0,0.00,0.00,0,0
1419358811,s5-eth1,0.00,0.00,0.00,0,0,0.00,0.00,0.00,0,0,0.00,0.00,0,0
1419358811,total,3777534.50,4033177.00,7810711.50,4037210,3781312,4447.55,4638.36,9085.91,4643,4452,0.00,0.00,0,0
1419358812,s3,0.00,0.00,0.00,0,0,0.00,0.00,0.00,0,0,0.00,0.00,0,0
1419358812,s1-eth1,1245218.88,51662.34,1296881.12,51714,1246464,719.28,636.36,1355.64,637,720,0.00,0.00,0,0
1419358812,s1-eth3,35432.57,826321.69,861754.25,827148,35468,445.55,421.58,867.13,422,446,0.00,0.00,0,0
1419358812,s1-eth2,16257.74,410004.00,426261.75,410414,16274,190.81,206.79,397.60,207,191,0.00,0.00,0,0
1419358812,s4,0.00,0.00,0.00,0,0,0.00,0.00,0.00,0,0,0.00,0.00,0,0
1419358812,s2-eth1,826321.69,35432.57,861754.25,35468,827148,421.58,445.55,867.13,446,422,0.00,0.00,0,0
1419358812,s2-eth3,20871.13,524157.84,545029.00,524682,20892,269.73,248.75,518.48,249,270,0.00,0.00,0,0
1419358812,s2-eth2,14655.34,300651.34,315306.69,300952,14670,176.82,171.83,348.65,172,177,0.00,0.00,0,0
1419358812,s3-eth1,524157.84,20871.13,545029.00,20892,524682,248.75,269.73,518.48,270,249,0.00,0.00,0,0
1419358812,s5,0.00,0.00,0.00,0,0,0.00,0.00,0.00,0,0,0.00,0.00,0,0
1419358812,s3-eth3,10149.85,289005.00,299154.84,289294,10160,137.86,126.87,264.74,127,138,0.00,0.00,0,0
1419358812,s3-eth2,10721.28,235152.86,245874.12,235388,10732,131.87,121.88,253.75,122,132,0.00,0.00,0,0
1419358812,eth0,0.00,0.00,0.00,0,0,0.00,0.00,0.00,0,0,0.00,0.00,0,0
1419358812,lo,0.00,0.00,0.00,0,0,0.00,0.00,0.00,0,0,0.00,0.00,0,0
1419358812,s1,0.00,0.00,0.00,0,0,0.00,0.00,0.00,0,0,0.00,0.00,0,0
1419358812,s4-eth1,289005.00,10149.85,299154.84,10160,289294,126.87,137.86,264.74,138,127,0.00,0.00,0,0
1419358812,s4-eth2,10149.85,289005.00,299154.84,289294,10160,137.86,126.87,264.74,127,138,0.00,0.00,0,0
1419358812,s4-eth3,0.00,0.00,0.00,0,0,0.00,0.00,0.00,0,0,0.00,0.00,0,0
1419358812,s2,0.00,0.00,0.00,0,0,0.00,0.00,0.00,0,0,0.00,0.00,0,0
1419358812,s5-eth1,0.00,0.00,0.00,0,0,0.00,0.00,0.00,0,0,0.00,0.00,0,0
1419358812,total,3002941.25,2992413.75,5995355.00,2995406,3005944,3006.99,2914.09,5921.08,2917,3010,0.00,0.00,0,0
1419358813,s5,0.00,0.00,0.00,0,0,0.00,0.00,0.00,0,0,0.00,0.00,0,0
1419358813,s3-eth3,4417.58,204173.83,208591.42,204378,4422,66.93,68.93,135.86,69,67,0.00,0.00,0,0
1419358813,s3-eth2,4021.98,186419.58,190441.56,186606,4026,60.94,62.94,123.88,63,61,0.00,0.00,0,0
1419358813,eth0,1554.45,923.08,2477.52,924,1556,13.99,13.99,27.97,14,14,0.00,0.00,0,0
1419358813,lo,951.05,951.05,1902.10,952,952,17.98,17.98,35.96,18,18,0.00,0.00,0,0
1419358813,s4-eth1,204173.83,4417.58,208591.42,4422,204378,68.93,66.93,135.86,67,69,0.00,0.00,0,0
1419358813,s4-eth2,4417.58,204173.83,208591.42,204378,4422,66.93,68.93,135.86,69,67,0.00,0.00,0,0
1419358813,s4-eth3,0.00,0.00,0.00,0,0,0.00,0.00,0.00,0,0,0.00,0.00,0,0
1419358813,s5-eth1,0.00,0.00,0.00,0,0,0.00,0.00,0.00,0,0,0.00,0.00,0,0
1419358813,total,18428316258828025856.00,18428316258828025856.00,18428316258828025856.00,18446744073641884789,18446744073625701201,18428316258827970560.00,18428316258827968512.00,18428316258827913216.00,18446744073709494864,18446744073709495498,0.00,0.00,0,0
1419358814,s5,0.00,0.00,0.00,0,0,0.00,0.00,0.00,0,0,0.00,0.00,0,0
1419358814,eth0,911.09,527.47,1438.56,528,912,7.99,7.99,15.98,8,8,0.00,0.00,0,0
1419358814,lo,99.90,99.90,199.80,100,100,2.00,2.00,4.00,2,2,0.00,0.00,0,0
1419358814,s4-eth3,0.00,0.00,0.00,0,0,0.00,0.00,0.00,0,0,0.00,0.00,0,0
1419358814,s5-eth1,0.00,0.00,0.00,0,0,0.00,0.00,0.00,0,0,0.00,0.00,0,0
1419358814,total,18428316258828025856.00,18428316258828025856.00,18428316258828025856.00,18446744073681079381,18446744073698994031,18428316258828011520.00,18428316258828011520.00,18428316258827997184.00,18446744073709536834,18446744073709537177,0.00,0.00,0,0
1419358815,s5,0.00,0.00,0.00,0,0,0.00,0.00,0.00,0,0,0.00,0.00,0,0
1419358815,eth0,118.00,66.00,184.00,66,118,1.00,1.00,2.00,1,1,0.00,0.00,0,0
1419358815,lo,0.00,0.00,0.00,0,0,0.00,0.00,0.00,0,0,0.00,0.00,0,0
141