1419359739,s3,0.00,0.00,0.00,0,0,0.00,0.00,0.00,0,0,0.00,0.00,0,0
1419359739,s1-eth1,0.00,0.00,0.00,0,0,0.00,0.00,0.00,0,0,0.00,0.00,0,0
1419359739,s1-eth3,0.00,0.00,0.00,0,0,0.00,0.00,0.00,0,0,0.00,0.00,0,0
1419359739,s1-eth2,0.00,0.00,0.00,0,0,0.00,0.00,0.00,0,0,0.00,0.00,0,0
1419359739,s4,0.00,0.00,0.00,0,0,0.00,0.00,0.00,0,0,0.00,0.00,0,0
1419359739,s2-eth1,0.00,0.00,0.00,0,0,0.00,0.00,0.00,0,0,0.00,0.00,0,0
1419359739,s2-eth3,0.00,0.00,0.00,0,0,0.00,0.00,0.00,0,0,0.00,0.00,0,0
1419359739,s2-eth2,0.00,0.00,0.00,0,0,0.00,0.00,0.00,0,0,0.00,0.00,0,0
1419359739,s3-eth1,0.00,0.00,0.00,0,0,0.00,0.00,0.00,0,0,0.00,0.00,0,0
1419359739,s3-eth3,0.00,0.00,0.00,0,0,0.00,0.00,0.00,0,0,0.00,0.00,0,0
1419359739,s3-eth2,0.00,0.00,0.00,0,0,0.00,0.00,0.00,0,0,0.00,0.00,0,0
1419359739,eth0,0.00,0.00,0.00,0,0,0.00,0.00,0.00,0,0,0.00,0.00,0,0
1419359739,lo,0.00,0.00,0.00,0,0,0.00,0.00,0.00,0,0,0.00,0.00,0,0
1419359739,s1,0.00,0.00,0.00,0,0,0.00,0.00,0.00,0,0,0.00,0.00,0,0
1419359739,s4-eth1,0.00,0.00,0.00,0,0,0.00,0.00,0.00,0,0,0.00,0.00,0,0
1419359739,s4-eth2,0.00,0.00,0.00,0,0,0.00,0.00,0.00,0,0,0.00,0.00,0,0
1419359739,s2,0.00,0.00,0.00,0,0,0.00,0.00,0.00,0,0,0.00,0.00,0,0
1419359739,total,0.00,0.00,0.00,0,0,0.00,0.00,0.00,0,0,0.00,0.00,0,0
1419359740,s3,0.00,0.00,0.00,0,0,0.00,0.00,0.00,0,0,0.00,0.00,0,0
1419359740,s1-eth1,1210247.75,27098.90,1237346.62,27126,1211458,408.59,410.59,819.18,411,409,0.00,0.00,0,0
1419359740,s1-eth3,19978.02,935056.94,955035.00,935992,19998,302.70,315.68,618.38,316,303,0.00,0.00,0,0
1419359740,s1-eth2,7062.00,331744.00,338806.00,331744,7062,107.00,112.00,219.00,112,107,0.00,0.00,0,0
1419359740,s4,0.00,0.00,0.00,0,0,0.00,0.00,0.00,0,0,0.00,0.00,0,0
1419359740,s2-eth1,935992.00,19998.00,955990.00,19998,935992,316.00,303.00,619.00,303,316,0.00,0.00,0,0
1419359740,s2-eth3,13266.00,622020.00,635286.00,622020,13266,201.00,210.00,411.00,210,201,0.00,0.00,0,0
1419359740,s2-eth2,6732.00,316934.00,323666.00,316934,6732,102.00,107.00,209.00,107,102,0.00,0.00,0,0
1419359740,s3-eth1,622020.00,13266.00,635286.00,13266,622020,210.00,201.00,411.00,201,210,0.00,0.00,0,0
1419359740,s3-eth3,6204.00,290276.00,296480.00,290276,6204,94.00,98.00,192.00,98,94,0.00,0.00,0,0
1419359740,s3-eth2,6996.00,328782.00,335778.00,328782,6996,106.00,111.00,217.00,111,106,0.00,0.00,0,0
1419359740,eth0,0.00,0.00,0.00,0,0,0.00,0.00,0.00,0,0,0.00,0.00,0,0
1419359740,lo,0.00,0.00,0.00,0,0,0.00,0.00,0.00,0,0,0.00,0.00,0,0
1419359740,s1,0.00,0.00,0.00,0,0,0.00,0.00,0.00,0,0,0.00,0.00,0,0
1419359740,s4-eth1,290276.00,6204.00,296480.00,6204,290276,98.00,94.00,192.00,94,98,0.00,0.00,0,0
1419359740,s4-eth2,6204.00,290276.00,296480.00,290276,6204,94.00,98.00,192.00,98,94,0.00,0.00,0,0
1419359740,s2,0.00,0.00,0.00,0,0,0.00,0.00,0.00,0,0,0.00,0.00,0,0
1419359740,total,3126208.00,3182618.00,6308826.00,3182618,3126208,2040.00,2061.00,4101.00,2061,2040,0.00,0.00,0,0
1419359741,s3,0.00,139.72,139.72,140,0,0.00,2.00,2.00,2,0,0.00,0.00,0,0
1419359741,s1-eth1,1215091.88,27005.99,1242097.88,27060,1217522,412.18,409.18,821.36,410,413,0.00,0.00,0,0
1419359741,s1-eth3,19632.73,910544.94,930177.69,912366,19672,297.41,308.38,605.79,309,298,0.00,0.00,0,0
1419359741,s1-eth2,7578.84,351844.31,359423.16,352548,7594,114.77,119.76,234.53,120,115,0.00,0.00,0,0
1419359741,s4,0.00,139.72,139.72,140,0,0.00,2.00,2.00,2,0,0.00,0.00,0,0
1419359741,s2-eth1,910544.94,19632.73,930177.69,19672,912366,308.38,297.41,605.79,298,309,0.00,0.00,0,0
1419359741,s2-eth3,12522.95,576437.12,588960.12,577590,12548,189.62,194.61,384.23,195,190,0.00,0.00,0,0
1419359741,s2-eth2,7183.63,331151.72,338335.34,331814,7198,108.78,112.77,221.56,113,109,0.00,0.00,0,0
1419359741,s3-eth1,576437.12,12522.95,588960.12,12548,577590,194.61,189.62,384.23,190,195,0.00,0.00,0,0
1419359741,s3-eth3,6594.81,298564.88,305159.69,299162,6608,99.80,100.80,200.60,101,100,0.00,0.00,0,0
1419359741,s3-eth2,6133.73,280828.34,286962.09,281390,6146,92.81,94.81,187.62,95,93,0.00,0.00,0,0
1419359741,eth0,0.00,0.00,0.00,0,0,0.00,0.00,0.00,0,0,0.00,0.00,0,0
1419359741,lo,2139.72,2139.72,4279.44,2144,2144,23.95,23.95,47.90,24,24,0.00,0.00,0,0
1419359741,s1,0.00,139.72,139.72,140,0,0.00,2.00,2.00,2,0,0.00,0.00,0,0
1419359741,s4-eth1,298564.88,6594.81,305159.69,6608,299162,100.80,99.80,200.60,100,101,0.00,0.00,0,0
1419359741,s4-eth2,6528.94,298564.88,305093.81,299162,6542,98.80,100.80,199.60,101,99,0.00,0.00,0,0
1419359741,s2,0.00,139.72,139.72,140,0,0.00,2.00,2.00,2,0,0.00,0.00,0,0
1419359741,total,3068954.25,3116391.25,6185345.50,3122624,3075092,2041.92,2059.88,4101.80,2064,2046,0.00,0.00,0,0
1419359742,s3,0.00,210.00,210.00,210,0,0.00,3.00,3.00,3,0,0.00,0.00,0,0
1419359742,s1-eth1,1217522.00,27262.00,1244784.00,27262,1217522,413.00,413.00,826.00,413,413,0.00,0.00,0,0
1419359742,s1-eth3,19870.00,933170.00,953040.00,933170,19870,301.00,317.00,618.00,317,301,0.00,0.00,0,0
1419359742,s1-eth2,7536.00,343592.00,351128.00,343592,7536,114.00,116.00,230.00,116,114,0.00,0.00,0,0
1419359742,s4,0.00,210.00,210.00,210,0,0.00,3.00,3.00,3,0,0.00,0.00,0,0
1419359742,s2-eth1,933170.00,19870.00,953040.00,19870,933170,317.00,301.00,618.00,301,317,0.00,0.00,0,0
1419359742,s2-eth3,13204.00,616236.00,629440.00,616236,13204,200.00,210.00,410.00,210,200,0.00,0.00,0,0
1419359742,s2-eth2,6942.00,316934.00,323876.00,316934,6942,105.00,107.00,212.00,107,105,0.00,0.00,0,0
1419359742,s3-eth1,616236.00,13204.00,629440.00,13204,616236,210.00,200.00,410.00,200,210,0.00,0.00,0,0
1419359742,s3-eth3,6806.00,314042.00,320848.00,314042,6806,103.00,107.00,210.00,107,103,0.00,0.00,0,0
1419359742,s3-eth2,6542.00,299232.00,305774.00,299232,6542,99.00,102.00,201.00,102,99,0.00,0.00,0,0
1419359742,eth0,0.00,0.00,0.00,0,0,0.00,0.00,0.00,0,0,0.00,0.00,0,0
1419359742,lo,3216.00,3216.00,6432.00,3216,3216,36.00,36.00,72.00,36,36,0.00,0.00,0,0
1419359742,s1,0.00,210.00,210.00,210,0,0.00,3.00,3.00,3,0,0.00,0.00,0,0
1419359742,s4-eth1,314042.00,6806.00,320848.00,6806,314042,107.00,103.00,210.00,103,107,0.00,0.00,0,0
1419359742,s4-eth2,6872.00,314042.00,320914.00,314042,6872,104.00,107.00,211.00,107,104,0.00,0.00,0,0
1419359742,s2,0.00,210.00,210.00,210,0,0.00,3.00,3.00,3,0,0.00,0.00,0,0
1419359742,total,3151958.00,3208446.00,6360404.00,3208446,3151958,2109.00,2131.00,4240.00,2131,2109,0.00,0.00,0,0
1419359743,s3,0.00,0.00,0.00,0,0,0.00,0.00,0.00,0,0,0.00,0.00,0,0
1419359743,s1-eth1,1208496.00,26928.00,1235424.00,26928,1208496,408.00,408.00,816.00,408,408,0.00,0.00,0,0
1419359743,s1-eth3,19992.00,933156.00,953148.00,933156,19992,304.00,318.00,622.00,318,304,0.00,0.00,0,0
1419359743,s1-eth2,7188.00,331870.00,339058.00,331870,7188,110.00,115.00,225.00,115,110,0.00,0.00,0,0
1419359743,s4,0.00,0.00,0.00,0,0,0.00,0.00,0.00,0,0,0.00,0.00,0,0
1419359743,s2-eth1,933156.00,19992.00,953148.00,19992,933156,318.00,304.00,622.00,304,318,0.00,0.00,0,0
1419359743,s2-eth3,13170.00,610340.00,623510.00,610340,13170,201.00,210.00,411.00,210,201,0.00,0.00,0,0
1419359743,s2-eth2,6990.00,322984.00,329974.00,322984,6990,107.00,112.00,219.00,112,107,0.00,0.00,0,0
1419359743,s3-eth1,610340.00,13170.00,623510.00,13170,610340,210.00,201.00,411.00,201,210,0.00,0.00,0,0
1419359743,s3-eth3,5868.00,269668.00,275536.00,269668,5868,90.00,94.00,184.00,94,90,0.00,0.00,0,0
1419359743,s3-eth2,7386.00,340756.00,348142.00,340756,7386,113.00,118.00,231.00,118,113,0.00,0.00,0,0
1419359743,eth0,0.00,60.00,60.00,60,0,0.00,1.00,1.00,1,0,0.00,0.00,0,0
1419359743,lo,8735.26,8735.26,17470.53,8744,8744,81.92,81.92,163.84,82,82,0.00,0.00,0,0
1419359743,s1,0.00,0.00,0.00,0,0,0.00,0.00,0.00,0,0,0.00,0.00,0,0
1419359743,s4-eth1,269398.59,5862.14,275260.75,5868,269668,93.91,89.91,183.82,90,94,0.00,0.00,0,0
1419359743,s4-eth2,5862.14,269398.59,275260.75,269668,5868,89.91,93.91,183.82,94,90,0.00,0.00,0,0
1419359743,s2,0.00,0.00,0.00,0,0,0.00,0.00,0.00,0,0,0.00,0.00,0,0
1419359743,total,3093772.25,3150054.00,6243826.50,3153204,3096866,2124.88,2144.86,4269.73,2147,2127,0.00,0.00,0,0
1419359744,s3,0.00,0.00,0.00,0,0,0.00,0.00,0.00,0,0,0.00,0.00,0,0
1419359744,s1-eth1,1219124.88,27164.84,1246289.75,27192,1220344,411.59,411.59,823.18,412,412,0.00,0.00,0,0
1419359744,s1-eth3,19912.09,958729.31,978641.38,959688,19932,301.70,323.68,625.37,324,302,0.00,0.00,0,0
1419359744,s1-eth2,7252.75,349166.84,356419.59,349516,7260,109.89,117.88,227.77,118,110,0.00,0.00,0,0
1419359744,s4,0.00,0.00,0.00,0,0,0.00,0.00,0.00,0,0,0.00,0.00,0,0
1419359744,s2-eth1,958729.31,19912.09,978641.38,19932,959688,323.68,301.70,625.37,302,324,0.00,0.00,0,0
1419359744,s2-eth3,12923.08,630275.75,643198.81,630906,12936,195.80,212.79,408.59,213,196,0.00,0.00,0,0
1419359744,s2-eth2,6989.01,337330.69,344319.69,337668,6996,105.89,113.89,219.78,114,106,0.00,0.00,0,0
1419359744,s3-eth1,630275.75,12923.08,643198.81,12936,630906,212.79,195.80,408.59,196,213,0.00,0.00,0,0
1419359744,s3-eth3,7384.62,361003.00,368387.62,361364,7392,111.89,121.88,233.77,122,112,0.00,0.00,0,0
1419359744,s3-eth2,5604.40,272231.78,277836.16,272504,5610,84.92,91.91,176.82,92,85,0.00,0.00,0,0
1419359744,eth0,0.00,0.00,0.00,0,0,0.00,0.00,0.00,0,0,0.00,0.00,0,0
1419359744,lo,0.00,0.00,0.00,0,0,0.00,0.00,0.00,0,0,0.00,0.00,0,0
1419359744,s1,0.00,0.00,0.00,0,0,0.00,0.00,0.00,0,0,0.00,0.00,0,0
1419359744,s4-eth1,361003.00,7384.62,368387.62,7392,361364,121.88,111.89,233.77,112,122,0.00,0.00,0,0
1419359744,s4-eth2,7384.62,361003.00,368387.62,361364,7392,111.89,121.88,233.77,122,112,0.00,0.00,0,0
1419359744,s2,0.00,0.00,0.00,0,0,0.00,0.00,0.00,0,0,0.00,0.00,0,0
1419359744,total,3236583.50,3337125.00,6573708.50,3340462,3239820,2091.91,2124.88,4216.78,2127,2094,0.00,0.00,0,0
1419359745,s3,0.00,139.72,139.72,140,0,0.00,2.00,2.00,2,0,0.00,0.00,0,0
1419359745,s1-eth1,1214952.12,29546.91,1244499.00,29606,1217382,410.18,410.18,820.36,411,411,0.00,0.00,0,0
1419359745,s1-eth3,22301.40,969345.31,991646.75,971284,22346,314.37,367.27,681.64,368,315,0.00,0.00,0,0
1419359745,s1-eth2,7365.27,297061.88,304427.16,297656,7380,97.80,121.76,219.56,122,98,0.00,0.00,0,0
1419359745,s4,0.00,139.72,139.72,140,0,0.00,2.00,2.00,2,0,0.00,0.00,0,0
1419359745,s2-eth1,969345.31,22301.40,991646.75,22346,971284,367.27,314.37,681.64,315,368,0.00,0.00,0,0
1419359745,s2-eth3,14287.43,670509.00,684796.44,671850,14316,209.58,240.52,450.10,241,210,0.00,0.00,0,0
1419359745,s2-eth2,8153.69,298836.34,306990.03,299434,8170,106.79,126.75,233.53,127,107,0.00,0.00,0,0
1419359745,s3-eth1,670509.00,14287.43,684796.44,14316,671850,240.52,209.58,450.10,210,241,0.00,0.00,0,0
1419359745,s3-eth3,7260.74,366921.09,374181.84,367288,7268,109.89,123.88,233.77,124,110,0.00,0.00,0,0
1419359745,s3-eth2,7094.91,302811.19,309906.09,303114,7102,100.90,116.88,217.78,117,101,0.00,0.00,0,0
1419359745,eth0,0.00,0.00,0.00,0,0,0.00,0.00,0.00,0,0,0.00,0.00,0,0
1419359745,lo,2141.86,2141.86,4283.72,2144,2144,23.98,23.98,47.95,24,24,0.00,0.00,0,0
1419359745,s1,0.00,139.86,139.86,140,0,0.00,2.00,2.00,2,0,0.00,0.00,0,0
1419359745,s4-eth1,366921.09,7260.74,374181.84,7268,367288,123.88,109.89,233.77,110,124,0.00,0.00,0,0
1419359745,s4-eth2,7260.74,369880.12,377140.88,370250,7268,109.89,124.88,234.77,125,110,0.00,0.00,0,0
1419359745,s2,0.00,139.86,139.86,140,0,0.00,2.00,2.00,2,0,0.00,0.00,0,0
1419359745,total,3300497.50,3353762.25,6654260.00,3357116,3303798,2216.78,2299.70,4516.48,2302,2219,0.00,0.00,0,0
1419359746,s3,0.00,210.00,210.00,210,0,0.00,3.00,3.00,3,0,0.00,0.00,0,0
1419359746,s1-eth1,1236654.00,58296.00,1294950.00,58296,1236654,637.00,634.00,1271.00,634,637,0.00,0.00,0,0
1419359746,s1-eth3,46914.00,1013122.00,1060036.00,1013122,46914,513.00,585.00,1098.00,585,513,0.00,0.00,0,0
1419359746,s1-eth2,11678.00,363748.00,375426.00,363748,11678,125.00,202.00,327.00,202,125,0.00,0.00,0,0
1419359746,s4,0.00,210.00,210.00,210,0,0.00,3.00,3.00,3,0,0.00,0.00,0,0
1419359746,s2-eth1,1013122.00,46914.00,1060036.00,46914,1013122,585.00,513.00,1098.00,513,585,0.00,0.00,0,0
1419359746,s2-eth3,36480.00,785238.00,821718.00,785238,36480,402.00,467.00,869.00,467,402,0.00,0.00,0,0
1419359746,s2-eth2,10550.00,231110.00,241660.00,231110,10550,113.00,123.00,236.00,123,113,0.00,0.00,0,0
1419359746,s3-eth1,785238.00,36480.00,821718.00,36480,785238,467.00,402.00,869.00,402,467,0.00,0.00,0,0
1419359746,s3-eth3,19008.00,434778.00,453786.00,434778,19008,214.00,247.00,461.00,247,214,0.00,0.00,0,0
1419359746,s3-eth2,17768.00,350460.00,368228.00,350460,17768,192.00,220.00,412.00,220,192,0.00,0.00,0,0
1419359746,eth0,0.00,0.00,0.00,0,0,0.00,0.00,0.00,0,0,0.00,0.00,0,0
1419359746,lo,3216.00,3216.00,6432.00,3216,3216,36.00,36.00,72.00,36,36,0.00,0.00,0,0
1419359746,s1,0.00,210.00,210.00,210,0,0.00,3.00,3.00,3,0,0.00,0.00,0,0
1419359746,s4-eth1,434778.00,19008.00,453786.00,19008,434778,247.00,214.00,461.00,214,247,0.00,0.00,0,0
1419359746,s4-eth2,19008.00,431816.00,450824.00,431816,19008,214.00,246.00,460.00,246,214,0.00,0.00,0,0
1419359746,s2,0.00,210.00,210.00,210,0,0.00,3.00,3.00,3,0,0.00,0.00,0,0
1419359746,total,3634414.00,3775026.00,7409440.00,3775026,3634414,3745.00,3901.00,7646.00,3901,3745,0.00,0.00,0,0
1419359747,s3,0.00,0.00,0.00,0,0,0.00,0.00,0.00,0,0,0.00,0.00,0,0
1419359747,s1-eth1,1240668.00,55568.00,1296236.00,55568,1240668,698.00,684.00,1382.00,684,698,0.00,0.00,0,0
1419359747,s1-eth3,44766.00,951824.00,996590.00,951824,44766,553.00,512.00,1065.00,512,553,0.00,0.00,0,0
1419359747,s1-eth2,10736.00,287318.00,298054.00,287318,10736,130.00,119.00,249.00,119,130,0.00,0.00,0,0
1419359747,s4,0.00,0.00,0.00,0,0,0.00,0.00,0.00,0,0,0.00,0.00,0,0
1419359747,s2-eth1,951824.00,44766.00,996590.00,44766,951824,512.00,553.00,1065.00,553,512,0.00,0.00,0,0
1419359747,s2-eth3,32654.00,656338.00,688992.00,656338,32654,403.00,357.00,760.00,357,403,0.00,0.00,0,0
1419359747,s2-eth2,12206.00,283374.00,295580.00,283374,12206,151.00,147.00,298.00,147,151,0.00,0.00,0,0
1419359747,s3-eth1,656338.00,32654.00,688992.00,32654,656338,357.00,403.00,760.00,403,357,0.00,0.00,0,0
1419359747,s3-eth3,18204.00,384676.00,402880.00,384676,18204,228.00,190.00,418.00,190,228,0.00,0.00,0,0
1419359747,s3-eth2,14450.00,276072.00,290522.00,276072,14450,175.00,168.00,343.00,168,175,0.00,0.00,0,0
1419359747,eth0,0.00,0.00,0.00,0,0,0.00,0.00,0.00,0,0,0.00,0.00,0,0
1419359747,lo,0.00,0.00,0.00,0,0,0.00,0.00,0.00,0,0,0.00,0.00,0,0
1419359747,s1,0.00,0.00,0.00,0,0,0.00,0.00,0.00,0,0,0.00,0.00,0,0
1419359747,s4-eth1,384676.00,18204.00,402880.00,18204,384676,190.00,228.00,418.00,228,190,0.00,0.00,0,0
1419359747,s4-eth2,18138.00,384676.00,402814.00,384676,18138,227.00,190.00,417.00,190,227,0.00,0.00,0,0
1419359747,s2,0.00,0.00,0.00,0,0,0.00,0.00,0.00,0,0,0.00,0.00,0,0
1419359747,total,3381278.75,3372098.00,6753377.00,3375470,3384660,3620.38,3547.45,7167.83,3551,3624,0.00,0.00,0,0
1419359748,s3,0.00,0.00,0.00,0,0,0.00,0.00,0.00,0,0,0.00,0.00,0,0
1419359748,s1-eth1,1225570.50,27758.24,1253328.75,27786,1226796,421.58,420.58,842.16,421,422,0.00,0.00,0,0
1419359748,s1-eth3,19516.48,878835.19,898351.69,879714,19536,295.70,296.70,592.41,297,296,0.00,0.00,0,0
1419359748,s1-eth2,8307.69,381716.28,390024.00,382098,8316,125.87,128.87,254.75,129,126,0.00,0.00,0,0
1419359748,s4,0.00,0.00,0.00,0,0,0.00,0.00,0.00,0,0,0.00,0.00,0,0
1419359748,s2-eth1,878835.19,19516.48,898351.69,19536,879714,296.70,295.70,592.41,296,297,0.00,0.00,0,0
1419359748,s2-eth3,13780.22,615480.56,629260.75,616096,13794,208.79,207.79,416.58,208,209,0.00,0.00,0,0
1419359748,s2-eth2,5736.26,263354.66,269090.91,263618,5742,86.91,88.91,175.82,89,87,0.00,0.00,0,0
1419359748,s3-eth1,615480.56,13780.22,629260.75,13794,616096,207.79,208.79,416.58,209,208,0.00,0.00,0,0
1419359748,s3-eth3,7846.15,363962.06,371808.19,364326,7854,118.88,122.88,241.76,123,119,0.00,0.00,0,0
1419359748,s3-eth2,5934.07,248559.45,254493.52,248808,5940,89.91,83.92,173.83,84,90,0.00,0.00,0,0
1419359748,eth0,0.00,0.00,0.00,0,0,0.00,0.00,0.00,0,0,0.00,0.00,0,0
1419359748,lo,0.00,0.00,0.00,0,0,0.00,0.00,0.00,0,0,0.00,0.00,0,0
1419359748,s1,0.00,0.00,0.00,0,0,0.00,0.00,0.00,0,0,0.00,0.00,0,0
1419359748,s4-eth1,363962.06,7846.15,371808.19,7854,364326,122.88,118.88,241.76,119,123,0.00,0.00,0,0
1419359748,s4-eth2,7912.09,363962.06,371874.12,364326,7920,119.88,122.88,242.76,123,120,0.00,0.00,0,0
1419359748,s2,0.00,0.00,0.00,0,0,0.00,0.00,0.00,0,0,0.00,0.00,0,0
1419359748,total,3156034.00,3187956.00,6343990.00,3187956,3156034,2097.00,2098.00,4195.00,2098,2097,0.00,0.00,0,0
1419359749,s3,0.00,0.00,0.00,0,0,0.00,0.00,0.00,0,0,0.00,0.00,0,0
1419359749,s1-eth1,1223306.00,27258.00,1250564.00,27258,1223306,413.00,413.00,826.00,413,413,0.00,0.00,0,0
1419359749,s1-eth3,19912.09,896589.44,916501.50,897486,19932,301.70,302.70,604.40,303,302,0.00,0.00,0,0
1419359749,s1-eth2,7318.68,334371.62,341690.31,334706,7326,110.89,112.89,223.78,113,111,0.00,0.00,0,0
1419359749,s4,0.00,0.00,0.00,0,0,0.00,0.00,0.00,0,0,0.00,0.00,0,0
1419359749,s2-eth1,896589.44,19912.09,916501.50,19932,897486,302.70,301.70,604.40,302,303,0.00,0.00,0,0
1419359749,s2-eth3,14637.36,659866.12,674503.50,660526,14652,221.78,222.78,444.56,223,222,0.00,0.00,0,0
1419359749,s2-eth2,5208.79,236723.28,241932.08,236960,5214,78.92,79.92,158.84,80,79,0.00,0.00,0,0
1419359749,s3-eth1,659866.12,14703.30,674569.44,14718,660526,222.78,222.78,445.55,223,223,0.00,0.00,0,0
1419359749,s3-eth3,9692.31,437938.06,447630.38,438376,9702,146.85,147.85,294.71,148,147,0.00,0.00,0,0
1419359749,s3-eth2,4945.06,224887.12,229832.17,225112,4950,74.93,75.92,150.85,76,75,0.00,0.00,0,0
1419359749,eth0,0.00,0.00,0.00,0,0,0.00,0.00,0.00,0,0,0.00,0.00,0,0
1419359749,lo,0.00,0.00,0.00,0,0,0.00,0.00,0.00,0,0,0.00,0.00,0,0
1419359749,s1,0.00,0.00,0.00,0,0,0.00,0.00,0.00,0,0,0.00,0.00,0,0
1419359749,s4-eth1,437501.00,9682.63,447183.66,9702,438376,147.70,146.71,294.41,147,148,0.00,0.00,0,0
1419359749,s4-eth2,9682.63,437501.00,447183.66,438376,9702,146.71,147.70,294.41,148,147,0.00,0.00,0,0
1419359749,s2,0.00,0.00,0.00,0,0,0.00,0.00,0.00,0,0,0.00,0.00,0,0
1419359749,total,3281328.00,3293272.25,6574600.00,3303152,3291172,2163.51,2169.49,4333.00,2176,2170,0.00,0.00,0,0
1419359750,s3,0.00,0.00,0.00,0,0,0.00,0.00,0.00,0,0,0.00,0.00,0,0
1419359750,s1-eth1,1219647.12,27242.27,1246889.38,27324,1223306,411.76,412.76,824.53,414,413,0.00,0.00,0,0
1419359750,s1-eth3,18970.06,860221.56,879191.62,861942,19008,287.43,290.42,577.84,291,288,0.00,0.00,0,0
1419359750,s1-eth2,8233.53,369511.00,377744.53,370250,8250,124.75,124.75,249.50,125,125,0.00,0.00,0,0
1419359750,s4,0.00,0.00,0.00,0,0,0.00,0.00,0.00,0,0,0.00,0.00,0,0
1419359750,s2-eth1,860221.56,18970.06,879191.62,19008,861942,290.42,287.43,577.84,288,291,0.00,0.00,0,0
1419359750,s2-eth3,13371.26,605998.00,619369.25,607210,13398,202.59,204.59,407.19,205,203,0.00,0.00,0,0
1419359750,s2-eth2,5664.67,254223.56,259888.23,254732,5676,85.83,85.83,171.66,86,86,0.00,0.00,0,0
1419359750,s3-eth1,605998.00,13305.39,619303.44,13332,607210,204.59,201.60,406.19,202,205,0.00,0.00,0,0
1419359750,s3-eth3,7772.46,348818.38,356590.81,349516,7788,117.76,117.76,235.53,118,118,0.00,0.00,0,0
1419359750,s3-eth2,5598.80,251267.47,256866.28,251770,5610,84.83,84.83,169.66,85,85,0.00,0.00,0,0
1419359750,eth0,0.00,0.00,0.00,0,0,0.00,0.00,0.00,0,0,0.00,0.00,0,0
1419359750,lo,686.63,686.63,1373.25,688,688,11.98,11.98,23.95,12,12,0.00,0.00,0,0
1419359750,s1,0.00,0.00,0.00,0,0,0.00,0.00,0.00,0,0,0.00,0.00,0,0
1419359750,s4-eth1,349166.84,7780.22,356947.06,7788,349516,117.88,117.88,235.76,118,118,0.00,0.00,0,0
1419359750,s4-eth2,7780.22,349166.84,356947.06,349516,7788,117.88,117.88,235.76,118,118,0.00,0.00,0,0
1419359750,s2,0.00,0.00,0.00,0,0,0.00,0.00,0.00,0,0,0.00,0.00,0,0
1419359750,total,3107073.00,3109966.00,6217039.00,3113076,3110180,2059.94,2059.94,4119.88,2062,2062,0.00,0.00,0,0
1419359751,s3,0.00,0.00,0.00,0,0,0.00,0.00,0.00,0,0,0.00,0.00,0,0
1419359751,s1-eth1,1213206.88,26967.03,1240173.88,26994,1214420,409.59,408.59,818.18,409,410,0.00,0.00,0,0
1419359751,s1-eth3,19186.81,861080.94,880267.75,861942,19206,290.71,290.71,581.42,291,291,0.00,0.00,0,0
1419359751,s1-eth2,7846.15,349166.84,357013.00,349516,7854,118.88,117.88,236.76,118,119,0.00,0.00,0,0
1419359751,s4,0.00,0.00,0.00,0,0,0.00,0.00,0.00,0,0,0.00,0.00,0,0
1419359751,s2-eth1,861080.94,19186.81,880267.75,19206,861942,290.71,290.71,581.42,291,291,0.00,0.00,0,0
1419359751,s2-eth3,14109.89,633234.81,647344.69,633868,14124,213.79,213.79,427.57,214,214,0.00,0.00,0,0
1419359751,s2-eth2,5076.92,230805.20,235882.12,231036,5082,76.92,77.92,154.85,78,77,0.00,0.00,0,0
1419359751,s3-eth1,633234.81,14109.89,647344.69,14124,633868,213.79,213.79,427.57,214,214,0.00,0.00,0,0
1419359751,s3-eth3,9362.64,417224.78,426587.44,417642,9372,141.86,140.86,282.72,141,142,0.00,0.00,0,0
1419359751,s3-eth2,4747.25,216010.00,220757.25,216226,4752,71.93,72.93,144.86,73,72,0.00,0.00,0,0
1419359751,eth0,0.00,0.00,0.00,0,0,0.00,0.00,0.00,0,0,0.00,0.00,0,0
1419359751,lo,0.00,0.00,0.00,0,0,0.00,0.00,0.00,0,0,0.00,0.00,0,0
1419359751,s1,0.00,0.00,0.00,0,0,0.00,0.00,0.00,0,0,0.00,0.00,0,0
1419359751,s4-eth1,417224.78,9362.64,426587.44,9372,417642,140.86,141.86,282.72,142,141,0.00,0.00,0,0
1419359751,s4-eth2,9362.64,417224.78,426587.44,417642,9372,141.86,140.86,282.72,141,142,0.00,0.00,0,0
1419359751,s2,0.00,0.00,0.00,0,0,0.00,0.00,0.00,0,0,0.00,0.00,0,0
1419359751,total,3194439.75,3194373.75,6388813.50,3197568,3197634,2110.89,2109.89,4220.78,2112,2113,0.00,0.00,0,0
1419359752,s3,0.00,0.00,0.00,0,0,0.00,0.00,0.00,0,0,0.00,0.00,0,0
1419359752,s1-eth1,1222084.00,27296.70,1249380.62,27324,1223306,412.59,413.59,826.17,414,413,0.00,0.00,0,0
1419359752,s1-eth3,19846.15,902507.50,922353.69,903410,19866,300.70,304.70,605.39,305,301,0.00,0.00,0,0
1419359752,s1-eth2,7384.62,340289.72,347674.34,340630,7392,111.89,114.89,226.77,115,112,0.00,0.00,0,0
1419359752,s4,0.00,0.00,0.00,0,0,0.00,0.00,0.00,0,0,0.00,0.00,0,0
1419359752,s2-eth1,902507.50,19846.15,922353.69,19866,903410,304.70,300.70,605.39,301,305,0.00,0.00,0,0
1419359752,s2-eth3,14373.63,650989.00,665362.62,651640,14388,217.78,219.78,437.56,220,218,0.00,0.00,0,0
1419359752,s2-eth2,5472.53,248559.45,254031.97,248808,5478,82.92,83.92,166.83,84,83,0.00,0.00,0,0
1419359752,s3-eth1,651640.00,14388.00,666028.00,14388,651640,220.00,218.00,438.00,218,220,0.00,0.00,0,0
1419359752,s3-eth3,8910.00,408756.00,417666.00,408756,8910,135.00,138.00,273.00,138,135,0.00,0.00,0,0
1419359752,s3-eth2,5401.20,248311.39,253712.58,248808,5412,81.84,83.83,165.67,84,82,0.00,0.00,0,0
1419359752,eth0,0.00,0.00,0.00,0,0,0.00,0.00,0.00,0,0,0.00,0.00,0,0
1419359752,lo,0.00,0.00,0.00,0,0,0.00,0.00,0.00,0,0,0.00,0.00,0,0
1419359752,s1,0.00,0.00,0.00,0,0,0.00,0.00,0.00,0,0,0.00,0.00,0,0
1419359752,s4-eth1,407940.12,8892.22,416832.34,8910,408756,137.72,134.73,272.46,135,138,0.00,0.00,0,0
1419359752,s4-eth2,8892.22,407940.12,416832.34,408756,8910,134.73,137.72,272.46,138,135,0.00,0.00,0,0
1419359752,s2,0.00,0.00,0.00,0,0,0.00,0.00,0.00,0,0,0.00,0.00,0,0
1419359752,total,3250966.25,3274746.50,6525713.00,3281296,3257468,2137.72,2147.70,4285.43,2152,2142,0.00,0.00,0,0
1419359753,s3,0.00,0.00,0.00,0,0,0.00,0.00,0.00,0,0,0.00,0.00,0,0
1419359753,s1-eth1,1220864.25,27203.59,1248067.88,27258,1223306,412.18,412.18,824.35,413,413,0.00,0.00,0,0
1419359753,s1-eth3,19562.88,919343.31,938906.19,921182,19602,296.41,310.38,606.79,311,297,0.00,0.00,0,0
1419359753,s1-eth2,7706.59,354730.56,362437.12,355440,7722,116.77,119.76,236.53,120,117,0.00,0.00,0,0
1419359753,s4,0.00,0.00,0.00,0,0,0.00,0.00,0.00,0,0,0.00,0.00,0,0
1419359753,s2-eth1,919343.31,19562.88,938906.19,19602,921182,310.38,296.41,606.79,297,311,0.00,0.00,0,0
1419359753,s2-eth3,13898.20,656251.50,670149.75,657564,13926,210.58,221.56,432.14,222,211,0.00,0.00,0,0
1419359753,s2-eth2,5598.80,266047.91,271646.72,266580,5610,84.83,89.82,174.65,90,85,0.00,0.00,0,0
1419359753,s3-eth1,656251.50,13898.20,670149.75,13926,657564,221.56,210.58,432.14,211,222,0.00,0.00,0,0
1419359753,s3-eth3,8299.40,384291.44,392590.84,385060,8316,125.75,129.74,255.49,130,126,0.00,0.00,0,0
1419359753,s3-eth2,5670.33,266313.69,271984.03,266580,5676,85.91,89.91,175.82,90,86,0.00,0.00,0,0
1419359753,eth0,0.00,0.00,0.00,0,0,0.00,0.00,0.00,0,0,0.00,0.00,0,0
1419359753,lo,0.00,0.00,0.00,0,0,0.00,0.00,0.00,0,0,0.00,0.00,0,0
1419359753,s1,0.00,0.00,0.00,0,0,0.00,0.00,0.00,0,0,0.00,0.00,0,0
1419359753,s4-eth1,384675.34,8307.69,392983.03,8316,385060,129.87,125.87,255.74,126,130,0.00,0.00,0,0
1419359753,s4-eth2,8307.69,384675.34,392983.03,385060,8316,125.87,129.87,255.74,130,126,0.00,0.00,0,0
1419359753,s2,0.00,0.00,0.00,0,0,0.00,0.00,0.00,0,0,0.00,0.00,0,0
1419359753,total,3253027.00,3303264.75,6556292.00,3306568,3256280,2121.88,2137.86,4259.74,2140,2124,0.00,0.00,0,0
1419359754,s3,0.00,0.00,0.00,0,0,0.00,0.00,0.00,0,0,0.00,0.00,0,0
1419359754,s1-eth1,1220344.00,27126.00,1247470.00,27126,1220344,412.00,411.00,823.00,411,412,0.00,0.00,0,0
1419359754,s1-eth3,19252.75,926179.88,945432.56,927106,19272,291.71,312.69,604.40,313,292,0.00,0.00,0,0
1419359754,s1-eth2,7846.15,372839.16,380685.31,373212,7854,118.88,125.87,244.76,126,119,0.00,0.00,0,0
1419359754,s4,0.00,0.00,0.00,0,0,0.00,0.00,0.00,0,0,0.00,0.00,0,0
1419359754,s2-eth1,926179.88,19252.75,945432.56,19272,927106,312.69,291.71,604.40,292,313,0.00,0.00,0,0
1419359754,s2-eth3,13186.81,630275.75,643462.56,630906,13200,199.80,212.79,412.59,213,200,0.00,0.00,0,0
1419359754,s2-eth2,6065.93,295904.09,301970.03,296200,6072,91.91,99.90,191.81,100,92,0.00,0.00,0,0
1419359754,s3-eth1,633234.81,13252.75,646487.50,13266,633868,213.79,200.80,414.59,201,214,0.00,0.00,0,0
1419359754,s3-eth3,8043.96,378757.25,386801.22,379136,8052,121.88,127.87,249.75,128,122,0.00,0.00,0,0
1419359754,s3-eth2,5142.86,254477.53,259620.39,254732,5148,77.92,85.91,163.84,86,78,0.00,0.00,0,0
1419359754,eth0,0.00,0.00,0.00,0,0,0.00,0.00,0.00,0,0,0.00,0.00,0,0
1419359754,lo,0.00,0.00,0.00,0,0,0.00,0.00,0.00,0,0,0.00,0.00,0,0
1419359754,s1,0.00,0.00,0.00,0,0,0.00,0.00,0.00,0,0,0.00,0.00,0,0
1419359754,s4-eth1,378757.25,8043.96,386801.22,8052,379136,127.87,121.88,249.75,122,128,0.00,0.00,0,0
1419359754,s4-eth2,8043.96,378757.25,386801.22,379136,8052,121.88,127.87,249.75,128,122,0.00,0.00,0,0
1419359754,s2,0.00,0.00,0.00,0,0,0.00,0.00,0.00,0,0,0.00,0.00,0,0
1419359754,total,3221660.75,3301541.00,6523202.00,3308144,3228104,2087.82,2115.77,4203.59,2120,2092,0.00,0.00,0,0
1419359755,s3,0.00,0.00,0.00,0,0,0.00,0.00,0.00,0,0,0.00,0.00,0,0
1419359755,s1-eth1,1217908.25,27137.72,1245046.00,27192,1220344,411.18,411.18,822.36,412,412,0.00,0.00,0,0
1419359755,s1-eth3,20287.43,1005069.88,1025357.31,1007080,20328,307.39,339.32,646.71,340,308,0.00,0.00,0,0
1419359755,s1-eth2,6857.14,334371.62,341228.78,334706,6864,103.90,112.89,216.78,113,104,0.00,0.00,0,0
1419359755,s4,0.00,0.00,0.00,0,0,0.00,0.00,0.00,0,0,0.00,0.00,0,0
1419359755,s2-eth1,1006073.94,20307.69,1026381.62,20328,1007080,339.66,307.69,647.35,308,340,0.00,0.00,0,0
1419359755,s2-eth3,14505.50,716087.94,730593.44,716804,14520,219.78,241.76,461.54,242,220,0.00,0.00,0,0
1419359755,s2-eth2,5802.20,289986.03,295788.22,290276,5808,87.91,97.90,185.81,98,88,0.00,0.00,0,0
1419359755,s3-eth1,713128.88,14439.56,727568.44,14454,713842,240.76,218.78,459.54,219,241,0.00,0.00,0,0
1419359755,s3-eth3,8373.63,408347.66,416721.28,408756,8382,126.87,137.86,264.74,138,127,0.00,0.00,0,0
1419359755,s3-eth2,6065.93,304781.22,310847.16,305086,6072,91.91,102.90,194.81,103,92,0.00,0.00,0,0
1419359755,eth0,0.00,59.94,59.94,60,0,0.00,1.00,1.00,1,0,0.00,0.00,0,0
1419359755,lo,687.31,687.31,1374.63,688,688,11.99,11.99,23.98,12,12,0.00,0.00,0,0
1419359755,s1,0.00,0.00,0.00,0,0,0.00,0.00,0.00,0,0,0.00,0.00,0,0
1419359755,s4-eth1,408347.66,8439.56,416787.22,8448,408756,137.86,127.87,265.73,128,138,0.00,0.00,0,0
1419359755,s4-eth2,8373.63,411306.72,419680.34,411718,8382,126.87,138.86,265.73,139,127,0.00,0.00,0,0
1419359755,s2,0.00,0.00,0.00,0,0,0.00,0.00,0.00,0,0,0.00,0.00,0,0
1419359755,total,3417648.50,3542054.00,6959702.50,3545596,3421066,2206.79,2250.75,4457.54,2253,2209,0.00,0.00,0,0
1419359756,s3,0.00,0.00,0.00,0,0,0.00,0.00,0.00,0,0,0.00,0.00,0,0
1419359756,s1-eth1,1222057.88,39852.30,1261910.25,39932,1224502,474.05,475.05,949.10,476,475,0.00,0.00,0,0
1419359756,s1-eth3,30015.97,913982.06,943998.00,915810,30076,357.29,448.10,805.39,449,358,0.00,0.00,0,0
1419359756,s1-eth2,9742.52,327017.97,336760.50,327672,9762,116.77,159.68,276.45,160,117,0.00,0.00,0,0
1419359756,s4,0.00,0.00,0.00,0,0,0.00,0.00,0.00,0,0,0.00,0.00,0,0
1419359756,s2-eth1,913982.06,30015.97,943998.00,30076,915810,448.10,357.29,805.39,358,449,0.00,0.00,0,0
1419359756,s2-eth3,20289.42,658696.62,678986.06,660014,20330,248.50,302.40,550.90,303,249,0.00,0.00,0,0
1419359756,s2-eth2,9708.29,279740.28,289448.56,280020,9718,108.89,161.84,270.73,162,109,0.00,0.00,0,0
1419359756,s3-eth1,659354.69,20309.69,679664.38,20330,660014,302.70,248.75,551.45,249,303,0.00,0.00,0,0
1419359756,s3-eth3,10695.30,318335.69,329030.97,318654,10706,130.87,154.85,285.71,155,131,0.00,0.00,0,0
1419359756,s3-eth2,9670.66,340678.66,350349.31,341360,9690,118.76,147.70,266.47,148,119,0.00,0.00,0,0
1419359756,eth0,0.00,0.00,0.00,0,0,0.00,0.00,0.00,0,0,0.00,0.00,0,0
1419359756,lo,0.00,0.00,0.00,0,0,0.00,0.00,0.00,0,0,0.00,0.00,0,0
1419359756,s1,0.00,0.00,0.00,0,0,0.00,0.00,0.00,0,0,0.00,0.00,0,0
1419359756,s4-eth1,318017.97,10618.76,328636.75,10640,318654,154.69,129.74,284.43,130,155,0.00,0.00,0,0
1419359756,s4-eth2,10684.63,315061.88,325746.53,315692,10706,130.74,153.69,284.43,154,131,0.00,0.00,0,0
1419359756,s2,0.00,0.00,0.00,0,0,0.00,0.00,0.00,0,0,0.00,0.00,0,0
1419359756,total,3213541.00,3253692.75,6467233.50,3260200,3219968,2590.82,2738.52,5329.34,2744,2596,0.00,0.00,0,0
1419359757,s3,0.00,0.00,0.00,0,0,0.00,0.00,0.00,0,0,0.00,0.00,0,0
1419359757,s1-eth1,1238594.88,66393.22,1304988.00,66526,1241072,746.51,723.55,1470.06,725,748,0.00,0.00,0,0
1419359757,s1-eth3,56167.67,1067467.12,1123634.75,1069602,56280,614.77,671.66,1286.43,673,616,0.00,0.00,0,0
1419359757,s1-eth2,10225.55,279201.59,289427.16,279760,10246,108.78,179.64,288.42,180,109,0.00,0.00,0,0
1419359757,s4,0.00,0.00,0.00,0,0,0.00,0.00,0.00,0,0,0.00,0.00,0,0
1419359757,s2-eth1,1066402.75,56111.66,1122514.50,56280,1069602,670.99,614.16,1285.14,616,673,0.00,0.00,0,0
1419359757,s2-eth3,38697.91,715024.94,753722.81,717170,38814,427.72,443.67,871.39,445,429,0.00,0.00,0,0
1419359757,s2-eth2,17507.48,324273.19,341780.66,325246,17560,187.44,210.37,397.81,211,188,0.00,0.00,0,0
1419359757,s3-eth1,716534.38,38697.91,755232.31,38814,718684,444.67,427.72,872.38,429,446,0.00,0.00,0,0
1419359757,s3-eth3,19493.52,360825.53,380319.03,361908,19552,223.33,217.35,440.68,218,224,0.00,0.00,0,0
1419359757,s3-eth2,19223.55,359085.84,378309.41,359804,19262,204.59,229.54,434.13,230,205,0.00,0.00,0,0
1419359757,eth0,0.00,0.00,0.00,0,0,0.00,0.00,0.00,0,0,0.00,0.00,0,0
1419359757,lo,0.00,0.00,0.00,0,0,0.00,0.00,0.00,0,0,0.00,0.00,0,0
1419359757,s1,0.00,0.00,0.00,0,0,0.00,0.00,0.00,0,0,0.00,0.00,0,0
1419359757,s4-eth1,361185.62,19512.97,380698.62,19552,361908,217.56,223.55,441.12,224,218,0.00,0.00,0,0
1419359757,s4-eth2,19512.97,361185.62,380698.62,361908,19552,223.55,217.56,441.12,218,224,0.00,0.00,0,0
1419359757,s2,0.00,0.00,0.00,0,0,0.00,0.00,0.00,0,0,0.00,0.00,0,0
1419359757,total,3565401.25,3649271.50,7214673.00,3656570,3572532,4071.86,4160.68,8232.54,4169,4080,0.00,0.00,0,0
1419359758,s3,0.00,0.00,0.00,0,0,0.00,0.00,0.00,0,0,0.00,0.00,0,0
1419359758,s1-eth1,1230477.50,42223.78,1272701.38,42266,1231708,649.35,554.45,1203.80,555,650,0.00,0.00,0,0
1419359758,s1-eth3,28547.45,863792.25,892339.69,864656,28576,385.61,375.62,761.24,376,386,0.00,0.00,0,0
1419359758,s1-eth2,13770.23,349178.84,362949.06,349528,13784,169.83,183.82,353.65,184,170,0.00,0.00,0,0
1419359758,s4,0.00,0.00,0.00,0,0,0.00,0.00,0.00,0,0,0.00,0.00,0,0
1419359758,s2-eth1,864656.00,28576.00,893232.00,28576,864656,376.00,386.00,762.00,386,376,0.00,0.00,0,0
1419359758,s2-eth3,17434.00,587008.00,604442.00,587008,17434,239.00,228.00,467.00,228,239,0.00,0.00,0,0
1419359758,s2-eth2,11076.00,280610.00,291686.00,280610,11076,146.00,149.00,295.00,149,146,0.00,0.00,0,0
1419359758,s3-eth1,585494.00,17434.00,602928.00,17434,585494,227.00,239.00,466.00,239,227,0.00,0.00,0,0
1419359758,s3-eth3,6600.00,308048.00,314648.00,308048,6600,100.00,104.00,204.00,104,100,0.00,0.00,0,0
1419359758,s3-eth2,10834.00,274418.00,285252.00,274418,10834,139.00,121.00,260.00,121,139,0.00,0.00,0,0
1419359758,eth0,0.00,0.00,0.00,0,0,0.00,0.00,0.00,0,0,0.00,0.00,0,0
1419359758,lo,0.00,0.00,0.00,0,0,0.00,0.00,0.00,0,0,0.00,0.00,0,0
1419359758,s1,0.00,0.00,0.00,0,0,0.00,0.00,0.00,0,0,0.00,0.00,0,0
1419359758,s4-eth1,308048.00,6600.00,314648.00,6600,308048,104.00,100.00,204.00,100,104,0.00,0.00,0,0
1419359758,s4-eth2,6600.00,308048.00,314648.00,308048,6600,100.00,104.00,204.00,104,100,0.00,0.00,0,0
1419359758,s2,0.00,0.00,0.00,0,0,0.00,0.00,0.00,0,0,0.00,0.00,0,0
1419359758,total,3084810.00,3067192.00,6152002.00,3067192,3084810,2637.00,2546.00,5183.00,2546,2637,0.00,0.00,0,0
1419359759,s3,0.00,0.00,0.00,0,0,0.00,0.00,0.00,0,0,0.00,0.00,0,0
1419359759,s1-eth1,1223306.00,27192.00,1250498.00,27192,1223306,413.00,412.00,825.00,412,413,0.00,0.00,0,0
1419359759,s1-eth3,20856.00,947840.00,968696.00,947840,20856,316.00,320.00,636.00,320,316,0.00,0.00,0,0
1419359759,s1-eth2,6336.00,290276.00,296612.00,290276,6336,96.00,98.00,194.00,98,96,0.00,0.00,0,0
1419359759,s4,0.00,0.00,0.00,0,0,0.00,0.00,0.00,0,0,0.00,0.00,0,0
1419359759,s2-eth1,946893.12,20835.17,967728.31,20856,947840,319.68,315.68,635.36,316,320,0.00,0.00,0,0
1419359759,s2-eth3,14901.10,674661.38,689562.44,675336,14916,225.77,227.77,453.55,228,226,0.00,0.00,0,0
1419359759,s2-eth2,5934.07,272231.78,278165.84,272504,5940,89.91,91.91,181.82,92,90,0.00,0.00,0,0
1419359759,s3-eth1,674661.38,14967.03,689628.38,14982,675336,227.77,226.77,454.55,227,228,0.00,0.00,0,0
1419359759,s3-eth3,8307.69,375798.22,384105.91,376174,8316,125.87,126.87,252.75,127,126,0.00,0.00,0,0
1419359759,s3-eth2,6593.41,301822.19,308415.59,302124,6600,99.90,101.90,201.80,102,100,0.00,0.00,0,0
1419359759,eth0,0.00,0.00,0.00,0,0,0.00,0.00,0.00,0,0,0.00,0.00,0,0
1419359759,lo,0.00,0.00,0.00,0,0,0.00,0.00,0.00,0,0,0.00,0.00,0,0
1419359759,s1,0.00,0.00,0.00,0,0,0.00,0.00,0.00,0,0,0.00,0.00,0,0
1419359759,s4-eth1,375798.22,8307.69,384105.91,8316,376174,126.87,125.87,252.75,126,127,0.00,0.00,0,0
1419359759,s4-eth2,8307.69,375798.22,384105.91,376174,8316,125.87,126.87,252.75,127,126,0.00,0.00,0,0
1419359759,s2,0.00,0.00,0.00,0,0,0.00,0.00,0.00,0,0,0.00,0.00,0,0
1419359759,total,3290645.50,3308465.50,6599111.00,3311774,3293936,2165.83,2172.83,4338.66,2175,2168,0.00,0.00,0,0
1419359760,s3,0.00,0.00,0.00,0,0,0.00,0.00,0.00,0,0,0.00,0.00,0,0
1419359760,s1-eth1,1220864.25,27269.46,1248133.75,27324,1223306,412.18,413.17,825.35,414,413,0.00,0.00,0,0
1419359760,s1-eth3,19826.35,898650.75,918477.06,900448,19866,300.40,303.39,603.79,304,301,0.00,0.00,0,0
1419359760,s1-eth2,7377.25,328125.75,335503.00,328782,7392,111.78,110.78,222.55,111,112,0.00,0.00,0,0
1419359760,s4,0.00,0.00,0.00,0,0,0.00,0.00,0.00,0,0,0.00,0.00,0,0
1419359760,s2-eth1,899548.50,19846.15,919394.62,19866,900448,303.70,300.70,604.40,301,304,0.00,0.00,0,0
1419359760,s2-eth3,14175.82,639152.88,653328.69,639792,14190,214.79,215.78,430.57,216,215,0.00,0.00,0,0
1419359760,s2-eth2,5736.26,257436.58,263172.84,257694,5742,86.91,86.91,173.83,87,87,0.00,0.00,0,0
1419359760,s3-eth1,639152.88,14109.89,653262.75,14124,639792,215.78,213.79,429.57,214,216,0.00,0.00,0,0
1419359760,s3-eth3,7384.62,331412.59,338797.22,331744,7392,111.89,111.89,223.78,112,112,0.00,0.00,0,0
1419359760,s3-eth2,6791.21,304781.22,311572.44,305086,6798,102.90,102.90,205.79,103,103,0.00,0.00,0,0
1419359760,eth0,0.00,0.00,0.00,0,0,0.00,0.00,0.00,0,0,0.00,0.00,0,0
1419359760,lo,687.31,687.31,1374.63,688,688,11.99,11.99,23.98,12,12,0.00,0.00,0,0
1419359760,s1,0.00,0.00,0.00,0,0,0.00,0.00,0.00,0,0,0.00,0.00,0,0
1419359760,s4-eth1,331412.59,7384.62,338797.22,7392,331744,111.89,111.89,223.78,112,112,0.00,0.00,0,0
1419359760,s4-eth2,7384.62,331412.59,338797.22,331744,7392,111.89,111.89,223.78,112,112,0.00,0.00,0,0
1419359760,s2,0.00,0.00,0.00,0,0,0.00,0.00,0.00,0,0,0.00,0.00,0,0
1419359760,total,3161588.50,3161522.50,6323111.00,3164684,3164750,2096.90,2095.90,4192.81,2098,2099,0.00,0.00,0,0
1419359761,s3,0.00,0.00,0.00,0,0,0.00,0.00,0.00,0,0,0.00,0.00,0,0
1419359761,s1-eth1,1223306.00,27258.00,1250564.00,27258,1223306,413.00,413.00,826.00,413,413,0.00,0.00,0,0
1419359761,s1-eth3,20592.00,921182.00,941774.00,921182,20592,312.00,311.00,623.00,311,312,0.00,0.00,0,0
1419359761,s1-eth2,6666.00,302124.00,308790.00,302124,6666,101.00,102.00,203.00,102,101,0.00,0.00,0,0
1419359761,s4,0.00,0.00,0.00,0,0,0.00,0.00,0.00,0,0,0.00,0.00,0,0
1419359761,s2-eth1,921182.00,20592.00,941774.00,20592,921182,311.00,312.00,623.00,312,311,0.00,0.00,0,0
1419359761,s2-eth3,14175.82,636193.81,650369.62,636830,14190,214.79,214.79,429.57,215,215,0.00,0.00,0,0
1419359761,s2-eth2,6395.60,284067.94,290463.53,284352,6402,96.90,95.90,192.81,96,97,0.00,0.00,0,0
1419359761,s3-eth1,636193.81,14175.82,650369.62,14190,636830,214.79,214.79,429.57,215,215,0.00,0.00,0,0
1419359761,s3-eth3,7304.09,327798.59,335102.69,328782,7326,110.67,110.67,221.34,111,111,0.00,0.00,0,0
1419359761,s3-eth2,6843.47,307126.62,313970.09,308048,6864,103.69,103.69,207.38,104,104,0.00,0.00,0,0
1419359761,eth0,0.00,0.00,0.00,0,0,0.00,0.00,0.00,0,0,0.00,0.00,0,0
1419359761,lo,0.00,0.00,0.00,0,0,0.00,0.00,0.00,0,0,0.00,0.00,0,0
1419359761,s1,0.00,0.00,0.00,0,0,0.00,0.00,0.00,0,0,0.00,0.00,0,0
1419359761,s4-eth1,327798.59,7304.09,335102.69,7326,328782,110.67,110.67,221.34,111,111,0.00,0.00,0,0
1419359761,s4-eth2,7304.09,327798.59,335102.69,328782,7326,110.67,110.67,221.34,111,111,0.00,0.00,0,0
1419359761,s2,0.00,0.00,0.00,0,0,0.00,0.00,0.00,0,0,0.00,0.00,0,0
1419359761,total,3166799.00,3166799.00,6333598.00,3179466,3179466,2092.63,2092.63,4185.26,2101,2101,0.00,0.00,0,0
1419359762,s3,0.00,0.00,0.00,0,0,0.00,0.00,0.00,0,0,0.00,0.00,0,0
1419359762,s1-eth1,1225553.38,27242.27,1252795.62,27324,1229230,413.76,412.76,826.52,414,415,0.00,0.00,0,0
1419359762,s1-eth3,20530.41,927286.12,947816.56,930068,20592,311.07,313.06,624.13,314,312,0.00,0.00,0,0
1419359762,s1-eth2,6777.67,307126.62,313904.28,308048,6798,102.69,103.69,206.38,104,103,0.00,0.00,0,0
1419359762,s4,0.00,0.00,0.00,0,0,0.00,0.00,0.00,0,0,0.00,0.00,0,0
1419359762,s2-eth1,927286.12,20530.41,947816.56,20592,930068,313.06,311.07,624.13,312,314,0.00,0.00,0,0
1419359762,s2-eth3,14608.18,661503.50,676111.69,663488,14652,221.34,223.33,444.67,224,222,0.00,0.00,0,0
1419359762,s2-eth2,5856.43,268735.78,274592.22,269542,5874,88.73,90.73,179.46,91,89,0.00,0.00,0,0
1419359762,s3-eth1,661503.50,14608.18,676111.69,14652,663488,223.33,221.34,444.67,222,224,0.00,0.00,0,0
1419359762,s3-eth3,7912.09,358043.97,365956.06,358402,7920,119.88,120.88,240.76,121,120,0.00,0.00,0,0
1419359762,s3-eth2,6725.27,304781.22,311506.50,305086,6732,101.90,102.90,204.80,103,102,0.00,0.00,0,0
1419359762,eth0,0.00,0.00,0.00,0,0,0.00,0.00,0.00,0,0,0.00,0.00,0,0
1419359762,lo,0.00,0.00,0.00,0,0,0.00,0.00,0.00,0,0,0.00,0.00,0,0
1419359762,s1,0.00,0.00,0.00,0,0,0.00,0.00,0.00,0,0,0.00,0.00,0,0
1419359762,s4-eth1,358043.97,7912.09,365956.06,7920,358402,120.88,119.88,240.76,120,121,0.00,0.00,0,0
1419359762,s4-eth2,7846.15,358043.97,365890.12,358402,7854,118.88,120.88,239.76,121,119,0.00,0.00,0,0
1419359762,s2,0.00,0.00,0.00,0,0,0.00,0.00,0.00,0,0,0.00,0.00,0,0
1419359762,total,3251610.00,3263524.00,6515134.00,3263524,3251610,2141.00,2146.00,4287.00,2146,2141,0.00,0.00,0,0
1419359763,s3,0.00,0.00,0.00,0,0,0.00,0.00,0.00,0,0,0.00,0.00,0,0
1419359763,s1-eth1,1211458.00,27060.00,1238518.00,27060,1211458,409.00,410.00,819.00,410,409,0.00,0.00,0,0
1419359763,s1-eth3,20328.00,941916.00,962244.00,941916,20328,308.00,318.00,626.00,318,308,0.00,0.00,0,0
1419359763,s1-eth2,6732.00,308048.00,314780.00,308048,6732,102.00,104.00,206.00,104,102,0.00,0.00,0,0
1419359763,s4,0.00,0.00,0.00,0,0,0.00,0.00,0.00,0,0,0.00,0.00,0,0
1419359763,s2-eth1,941916.00,20328.00,962244.00,20328,941916,318.00,308.00,626.00,308,318,0.00,0.00,0,0
1419359763,s2-eth3,14322.00,660526.00,674848.00,660526,14322,217.00,223.00,440.00,223,217,0.00,0.00,0,0
1419359763,s2-eth2,6006.00,278428.00,284434.00,278428,6006,91.00,94.00,185.00,94,91,0.00,0.00,0,0
1419359763,s3-eth1,660526.00,14322.00,674848.00,14322,660526,223.00,217.00,440.00,217,223,0.00,0.00,0,0
1419359763,s3-eth3,7590.00,349516.00,357106.00,349516,7590,115.00,118.00,233.00,118,115,0.00,0.00,0,0
1419359763,s3-eth2,6732.00,311010.00,317742.00,311010,6732,102.00,105.00,207.00,105,102,0.00,0.00,0,0
1419359763,eth0,0.00,0.00,0.00,0,0,0.00,0.00,0.00,0,0,0.00,0.00,0,0
1419359763,lo,0.00,0.00,0.00,0,0,0.00,0.00,0.00,0,0,0.00,0.00,0,0
1419359763,s1,0.00,0.00,0.00,0,0,0.00,0.00,0.00,0,0,0.00,0.00,0,0
1419359763,s4-eth1,349516.00,7590.00,357106.00,7590,349516,118.00,115.00,233.00,115,118,0.00,0.00,0,0
1419359763,s4-eth2,7656.00,352478.00,360134.00,352478,7656,116.00,119.00,235.00,119,116,0.00,0.00,0,0
1419359763,s2,0.00,0.00,0.00,0,0,0.00,0.00,0.00,0,0,0.00,0.00,0,0
1419359763,total,3232782.00,3271222.00,6504004.00,3271222,3232782,2119.00,2131.00,4250.00,2131,2119,0.00,0.00,0,0
1419359764,s3,0.00,0.00,0.00,0,0,0.00,0.00,0.00,0,0,0.00,0.00,0,0
1419359764,s1-eth1,1223306.00,27258.00,1250564.00,27258,1223306,413.00,413.00,826.00,413,413,0.00,0.00,0,0
1419359764,s1-eth3,20196.00,956726.00,976922.00,956726,20196,306.00,323.00,629.00,323,306,0.00,0.00,0,0
1419359764,s1-eth2,6996.00,328782.00,335778.00,328782,6996,106.00,111.00,217.00,111,106,0.00,0.00,0,0
1419359764,s4,0.00,0.00,0.00,0,0,0.00,0.00,0.00,0,0,0.00,0.00,0,0
1419359764,s2-eth1,956726.00,20196.00,976922.00,20196,956726,323.00,306.00,629.00,306,323,0.00,0.00,0,0
1419359764,s2-eth3,14718.00,693108.00,707826.00,693108,14718,223.00,234.00,457.00,234,223,0.00,0.00,0,0
1419359764,s2-eth2,5544.00,263618.00,269162.00,263618,5544,84.00,89.00,173.00,89,84,0.00,0.00,0,0
1419359764,s3-eth1,693108.00,14718.00,707826.00,14718,693108,234.00,223.00,457.00,223,234,0.00,0.00,0,0
1419359764,s3-eth3,8250.00,390984.00,399234.00,390984,8250,125.00,132.00,257.00,132,125,0.00,0.00,0,0
1419359764,s3-eth2,6402.00,302124.00,308526.00,302124,6402,97.00,102.00,199.00,102,97,0.00,0.00,0,0
1419359764,eth0,0.00,0.00,0.00,0,0,0.00,0.00,0.00,0,0,0.00,0.00,0,0
1419359764,lo,0.00,0.00,0.00,0,0,0.00,0.00,0.00,0,0,0.00,0.00,0,0
1419359764,s1,0.00,0.00,0.00,0,0,0.00,0.00,0.00,0,0,0.00,0.00,0,0
1419359764,s4-eth1,390984.00,8250.00,399234.00,8250,390984,132.00,125.00,257.00,125,132,0.00,0.00,0,0
1419359764,s4-eth2,8250.00,390984.00,399234.00,390984,8250,125.00,132.00,257.00,132,125,0.00,0.00,0,0
1419359764,s2,0.00,0.00,0.00,0,0,0.00,0.00,0.00,0,0,0.00,0.00,0,0
1419359764,total,3334480.00,3396748.00,6731228.00,3396748,3334480,2168.00,2190.00,4358.00,2190,2168,0.00,0.00,0,0
1419359765,s3,0.00,0.00,0.00,0,0,0.00,0.00,0.00,0,0,0.00,0.00,0,0
1419359765,s1-eth1,1220344.00,27192.00,1247536.00,27192,1220344,412.00,412.00,824.00,412,412,0.00,0.00,0,0
1419359765,s1-eth3,20856.00,1021890.00,1042746.00,1021890,20856,316.00,345.00,661.00,345,316,0.00,0.00,0,0
1419359765,s1-eth2,6402.00,313972.00,320374.00,313972,6402,97.00,106.00,203.00,106,97,0.00,0.00,0,0
1419359765,s4,0.00,0.00,0.00,0,0,0.00,0.00,0.00,0,0,0.00,0.00,0,0
1419359765,s2-eth1,1021890.00,20856.00,1042746.00,20856,1021890,345.00,316.00,661.00,316,345,0.00,0.00,0,0
1419359765,s2-eth3,14622.75,721285.44,735908.19,722728,14652,221.56,243.51,465.07,244,222,0.00,0.00,0,0
1419359765,s2-eth2,6191.62,298564.88,304756.50,299162,6204,93.81,100.80,194.61,101,94,0.00,0.00,0,0
1419359765,s3-eth1,721285.44,14622.75,735908.19,14652,722728,243.51,221.56,465.07,222,244,0.00,0.00,0,0
1419359765,s3-eth3,8035.93,396115.78,404151.72,396908,8052,121.76,133.73,255.49,134,122,0.00,0.00,0,0
1419359765,s3-eth2,6652.69,325169.66,331822.38,325820,6666,100.80,109.78,210.58,110,101,0.00,0.00,0,0
1419359765,eth0,0.00,0.00,0.00,0,0,0.00,0.00,0.00,0,0,0.00,0.00,0,0
1419359765,lo,686.63,686.63,1373.25,688,688,11.98,11.98,23.95,12,12,0.00,0.00,0,0
1419359765,s1,0.00,0.00,0.00,0,0,0.00,0.00,0.00,0,0,0.00,0.00,0,0
1419359765,s4-eth1,396115.78,8035.93,404151.72,8052,396908,133.73,121.76,255.49,122,134,0.00,0.00,0,0
1419359765,s4-eth2,8035.93,393159.69,401195.62,393946,8052,121.76,132.73,254.49,133,122,0.00,0.00,0,0
1419359765,s2,0.00,0.00,0.00,0,0,0.00,0.00,0.00,0,0,0.00,0.00,0,0
1419359765,total,3426589.00,3538788.50,6965377.50,3545866,3433442,2216.57,2252.50,4469.06,2257,2221,0.00,0.00,0,0
1419359766,s3,0.00,0.00,0.00,0,0,0.00,0.00,0.00,0,0,0.00,0.00,0,0
1419359766,s1-eth1,1223820.38,27269.46,1251089.88,27324,1226268,413.17,413.17,826.35,414,414,0.00,0.00,0,0
1419359766,s1-eth3,20485.03,1037586.88,1058071.88,1039662,20526,310.38,350.30,660.68,351,311,0.00,0.00,0,0
1419359766,s1-eth2,6718.56,336994.03,343712.59,337668,6732,101.80,113.77,215.57,114,102,0.00,0.00,0,0
1419359766,s4,0.00,0.00,0.00,0,0,0.00,0.00,0.00,0,0,0.00,0.00,0,0
1419359766,s2-eth1,1037586.88,20485.03,1058071.88,20526,1039662,350.30,310.38,660.68,311,351,0.00,0.00,0,0
1419359766,s2-eth3,14652.00,737538.00,752190.00,737538,14652,222.00,249.00,471.00,249,222,0.00,0.00,0,0
1419359766,s2-eth2,5874.00,302124.00,307998.00,302124,5874,89.00,102.00,191.00,102,89,0.00,0.00,0,0
1419359766,s3-eth1,737538.00,14652.00,752190.00,14652,737538,249.00,222.00,471.00,222,249,0.00,0.00,0,0
1419359766,s3-eth3,7854.00,396908.00,404762.00,396908,7854,119.00,134.00,253.00,134,119,0.00,0.00,0,0
1419359766,s3-eth2,6732.00,340630.00,347362.00,340630,6732,102.00,115.00,217.00,115,102,0.00,0.00,0,0
1419359766,eth0,0.00,0.00,0.00,0,0,0.00,0.00,0.00,0,0,0.00,0.00,0,0
1419359766,lo,0.00,0.00,0.00,0,0,0.00,0.00,0.00,0,0,0.00,0.00,0,0
1419359766,s1,0.00,0.00,0.00,0,0,0.00,0.00,0.00,0,0,0.00,0.00,0,0
1419359766,s4-eth1,396908.00,7854.00,404762.00,7854,396908,134.00,119.00,253.00,119,134,0.00,0.00,0,0
1419359766,s4-eth2,7854.00,399870.00,407724.00,399870,7854,119.00,135.00,254.00,135,119,0.00,0.00,0,0
1419359766,s2,0.00,0.00,0.00,0,0,0.00,0.00,0.00,0,0,0.00,0.00,0,0
1419359766,total,3470600.00,3624756.00,7095356.00,3624756,3470600,2212.00,2266.00,4478.00,2266,2212,0.00,0.00,0,0
1419359767,s3,0.00,0.00,0.00,0,0,0.00,0.00,0.00,0,0,0.00,0.00,0,0
1419359767,s1-eth1,1222072.00,43826.00,1265898.00,43826,1222072,504.00,503.00,1007.00,503,504,0.00,0.00,0,0
1419359767,s1-eth3,35282.00,995268.00,1030550.00,995268,35282,407.00,534.00,941.00,534,407,0.00,0.00,0,0
1419359767,s1-eth2,8516.00,250268.00,258784.00,250268,8516,96.00,150.00,246.00,150,96,0.00,0.00,0,0
1419359767,s4,0.00,0.00,0.00,0,0,0.00,0.00,0.00,0,0,0.00,0.00,0,0
1419359767,s2-eth1,995268.00,35282.00,1030550.00,35282,995268,534.00,407.00,941.00,407,534,0.00,0.00,0,0
1419359767,s2-eth3,24722.00,727756.00,752478.00,727756,24722,287.00,386.00,673.00,386,287,0.00,0.00,0,0
1419359767,s2-eth2,10560.00,318988.00,329548.00,318988,10560,120.00,182.00,302.00,182,120,0.00,0.00,0,0
1419359767,s3-eth1,727756.00,24722.00,752478.00,24722,727756,386.00,287.00,673.00,287,386,0.00,0.00,0,0
1419359767,s3-eth3,12638.00,396722.00,409360.00,396722,12638,151.00,197.00,348.00,197,151,0.00,0.00,0,0
1419359767,s3-eth2,12056.00,340052.00,352108.00,340052,12056,136.00,194.00,330.00,194,136,0.00,0.00,0,0
1419359767,eth0,0.00,0.00,0.00,0,0,0.00,0.00,0.00,0,0,0.00,0.00,0,0
1419359767,lo,0.00,0.00,0.00,0,0,0.00,0.00,0.00,0,0,0.00,0.00,0,0
1419359767,s1,0.00,0.00,0.00,0,0,0.00,0.00,0.00,0,0,0.00,0.00,0,0
1419359767,s4-eth1,396325.69,12625.38,408951.06,12638,396722,196.80,150.85,347.65,151,197,0.00,0.00,0,0
1419359767,s4-eth2,12625.38,394879.12,407504.50,395274,12638,150.85,196.80,347.65,197,151,0.00,0.00,0,0
1419359767,s2,0.00,0.00,0.00,0,0,0.00,0.00,0.00,0,0,0.00,0.00,0,0
1419359767,total,3454775.25,3537258.75,6992034.00,3540796,3458230,2966.03,3184.82,6150.85,3188,2969,0.00,0.00,0,0
1419359768,s3,0.00,0.00,0.00,0,0,0.00,0.00,0.00,0,0,0.00,0.00,0,0
1419359768,s1-eth1,1239160.88,75390.61,1314551.50,75466,1240400,803.20,806.19,1609.39,807,804,0.00,0.00,0,0
1419359768,s1-eth3,62671.33,1144024.00,1206695.38,1145168,62734,670.33,743.26,1413.59,744,671,0.00,0.00,0,0
1419359768,s1-eth2,12719.28,363958.06,376677.34,364322,12732,135.86,232.77,368.63,233,136,0.00,0.00,0,0
1419359768,s4,0.00,0.00,0.00,0,0,0.00,0.00,0.00,0,0,0.00,0.00,0,0
1419359768,s2-eth1,1144024.00,62671.33,1206695.38,62734,1145168,743.26,670.33,1413.59,671,744,0.00,0.00,0,0
1419359768,s2-eth3,48073.93,840499.50,888573.44,841340,48122,514.49,549.45,1063.94,550,515,0.00,0.00,0,0
1419359768,s2-eth2,14597.40,288069.94,302667.34,288358,14612,155.84,178.82,334.67,179,156,0.00,0.00,0,0
1419359768,s3-eth1,840499.50,48073.93,888573.44,48122,841340,549.45,514.49,1063.94,515,550,0.00,0.00,0,0
1419359768,s3-eth3,27274.73,465756.25,493030.97,466222,27302,290.71,306.69,597.40,307,291,0.00,0.00,0,0
1419359768,s3-eth2,20893.11,367246.75,388139.88,367614,20914,224.78,238.76,463.54,239,225,0.00,0.00,0,0
1419359768,eth0,0.00,0.00,0.00,0,0,0.00,0.00,0.00,0,0,0.00,0.00,0,0
1419359768,lo,5342.66,5342.66,10685.32,5348,5348,48.95,48.95,97.90,49,49,0.00,0.00,0,0
1419359768,s1,0.00,0.00,0.00,0,0,0.00,0.00,0.00,0,0,0.00,0.00,0,0
1419359768,s4-eth1,466222.00,27302.00,493524.00,27302,466222,307.00,291.00,598.00,291,307,0.00,0.00,0,0
1419359768,s4-eth2,27302.00,464708.00,492010.00,464708,27302,291.00,306.00,597.00,306,291,0.00,0.00,0,0
1419359768,s2,0.00,0.00,0.00,0,0,0.00,0.00,0.00,