1419359781,s3,0.00,0.00,0.00,0,0,0.00,0.00,0.00,0,0,0.00,0.00,0,0
1419359781,s1-eth1,0.00,0.00,0.00,0,0,0.00,0.00,0.00,0,0,0.00,0.00,0,0
1419359781,s1-eth3,0.00,0.00,0.00,0,0,0.00,0.00,0.00,0,0,0.00,0.00,0,0
1419359781,s1-eth2,0.00,0.00,0.00,0,0,0.00,0.00,0.00,0,0,0.00,0.00,0,0
1419359781,s4,0.00,0.00,0.00,0,0,0.00,0.00,0.00,0,0,0.00,0.00,0,0
1419359781,s2-eth1,0.00,0.00,0.00,0,0,0.00,0.00,0.00,0,0,0.00,0.00,0,0
1419359781,s2-eth3,0.00,0.00,0.00,0,0,0.00,0.00,0.00,0,0,0.00,0.00,0,0
1419359781,s2-eth2,0.00,0.00,0.00,0,0,0.00,0.00,0.00,0,0,0.00,0.00,0,0
1419359781,s5,0.00,0.00,0.00,0,0,0.00,0.00,0.00,0,0,0.00,0.00,0,0
1419359781,s3-eth1,0.00,0.00,0.00,0,0,0.00,0.00,0.00,0,0,0.00,0.00,0,0
1419359781,s3-eth3,0.00,0.00,0.00,0,0,0.00,0.00,0.00,0,0,0.00,0.00,0,0
1419359781,s3-eth2,0.00,0.00,0.00,0,0,0.00,0.00,0.00,0,0,0.00,0.00,0,0
1419359781,eth0,0.00,0.00,0.00,0,0,0.00,0.00,0.00,0,0,0.00,0.00,0,0
1419359781,lo,0.00,0.00,0.00,0,0,0.00,0.00,0.00,0,0,0.00,0.00,0,0
1419359781,s1,0.00,0.00,0.00,0,0,0.00,0.00,0.00,0,0,0.00,0.00,0,0
1419359781,s4-eth1,0.00,0.00,0.00,0,0,0.00,0.00,0.00,0,0,0.00,0.00,0,0
1419359781,s4-eth3,0.00,0.00,0.00,0,0,0.00,0.00,0.00,0,0,0.00,0.00,0,0
1419359781,s4-eth2,0.00,0.00,0.00,0,0,0.00,0.00,0.00,0,0,0.00,0.00,0,0
1419359781,s2,0.00,0.00,0.00,0,0,0.00,0.00,0.00,0,0,0.00,0.00,0,0
1419359781,s5-eth1,0.00,0.00,0.00,0,0,0.00,0.00,0.00,0,0,0.00,0.00,0,0
1419359781,s5-eth2,0.00,0.00,0.00,0,0,0.00,0.00,0.00,0,0,0.00,0.00,0,0
1419359781,total,0.00,0.00,0.00,0,0,0.00,0.00,0.00,0,0,0.00,0.00,0,0
1419359782,s3,0.00,0.00,0.00,0,0,0.00,0.00,0.00,0,0,0.00,0.00,0,0
1419359782,s1-eth1,1217382.00,27258.00,1244640.00,27258,1217382,411.00,413.00,824.00,413,411,0.00,0.00,0,0
1419359782,s1-eth3,21384.00,992270.00,1013654.00,992270,21384,324.00,335.00,659.00,335,324,0.00,0.00,0,0
1419359782,s1-eth2,5808.00,272504.00,278312.00,272504,5808,88.00,92.00,180.00,92,88,0.00,0.00,0,0
1419359782,s4,0.00,0.00,0.00,0,0,0.00,0.00,0.00,0,0,0.00,0.00,0,0
1419359782,s2-eth1,992270.00,21384.00,1013654.00,21384,992270,335.00,324.00,659.00,324,335,0.00,0.00,0,0
1419359782,s2-eth3,15708.00,722728.00,738436.00,722728,15708,238.00,244.00,482.00,244,238,0.00,0.00,0,0
1419359782,s2-eth2,5676.00,266580.00,272256.00,266580,5676,86.00,90.00,176.00,90,86,0.00,0.00,0,0
1419359782,s5,0.00,0.00,0.00,0,0,0.00,0.00,0.00,0,0,0.00,0.00,0,0
1419359782,s3-eth1,722728.00,15708.00,738436.00,15708,722728,244.00,238.00,482.00,238,244,0.00,0.00,0,0
1419359782,s3-eth3,10692.00,494654.00,505346.00,494654,10692,162.00,167.00,329.00,167,162,0.00,0.00,0,0
1419359782,s3-eth2,4950.00,231036.00,235986.00,231036,4950,75.00,78.00,153.00,78,75,0.00,0.00,0,0
1419359782,eth0,0.00,0.00,0.00,0,0,0.00,0.00,0.00,0,0,0.00,0.00,0,0
1419359782,lo,0.00,0.00,0.00,0,0,0.00,0.00,0.00,0,0,0.00,0.00,0,0
1419359782,s1,0.00,0.00,0.00,0,0,0.00,0.00,0.00,0,0,0.00,0.00,0,0
1419359782,s4-eth1,494654.00,10692.00,505346.00,10692,494654,167.00,162.00,329.00,162,167,0.00,0.00,0,0
1419359782,s4-eth3,5214.00,236960.00,242174.00,236960,5214,79.00,80.00,159.00,80,79,0.00,0.00,0,0
1419359782,s4-eth2,5478.00,257694.00,263172.00,257694,5478,83.00,87.00,170.00,87,83,0.00,0.00,0,0
1419359782,s2,0.00,0.00,0.00,0,0,0.00,0.00,0.00,0,0,0.00,0.00,0,0
1419359782,s5-eth1,236960.00,5214.00,242174.00,5214,236960,80.00,79.00,159.00,79,80,0.00,0.00,0,0
1419359782,s5-eth2,5148.00,239922.00,245070.00,239922,5148,78.00,81.00,159.00,81,78,0.00,0.00,0,0
1419359782,total,3744052.00,3794604.00,7538656.00,3794604,3744052,2450.00,2470.00,4920.00,2470,2450,0.00,0.00,0,0
1419359783,s3,0.00,280.00,280.00,280,0,0.00,4.00,4.00,4,0,0.00,0.00,0,0
1419359783,s1-eth1,1208636.00,26862.00,1235498.00,26862,1208636,410.00,407.00,817.00,407,410,0.00,0.00,0,0
1419359783,s1-eth3,21058.00,986556.00,1007614.00,986556,21058,319.00,336.00,655.00,336,319,0.00,0.00,0,0
1419359783,s1-eth2,6150.00,278498.00,284648.00,278498,6150,93.00,95.00,188.00,95,93,0.00,0.00,0,0
1419359783,s4,0.00,280.00,280.00,280,0,0.00,4.00,4.00,4,0,0.00,0.00,0,0
1419359783,s2-eth1,986556.00,21058.00,1007614.00,21058,986556,336.00,319.00,655.00,319,336,0.00,0.00,0,0
1419359783,s2-eth3,15584.00,731754.00,747338.00,731754,15584,236.00,249.00,485.00,249,236,0.00,0.00,0,0
1419359783,s2-eth2,5682.32,257506.50,263188.81,257764,5688,85.91,87.91,173.83,88,86,0.00,0.00,0,0
1419359783,s5,0.00,279.72,279.72,280,0,0.00,4.00,4.00,4,0,0.00,0.00,0,0
1419359783,s3-eth1,731023.00,15568.43,746591.44,15584,731754,248.75,235.76,484.52,236,249,0.00,0.00,0,0
1419359783,s3-eth3,10425.58,482463.56,492889.12,482946,10436,157.84,164.84,322.68,165,158,0.00,0.00,0,0
1419359783,s3-eth2,5488.51,245600.41,251088.92,245846,5494,82.92,82.92,165.83,83,83,0.00,0.00,0,0
1419359783,eth0,0.00,0.00,0.00,0,0,0.00,0.00,0.00,0,0,0.00,0.00,0,0
1419359783,lo,5354.65,5354.65,10709.29,5360,5360,59.94,59.94,119.88,60,60,0.00,0.00,0,0
1419359783,s1,0.00,279.72,279.72,280,0,0.00,4.00,4.00,4,0,0.00,0.00,0,0
1419359783,s4-eth1,485422.59,10425.58,495848.16,10436,485908,165.83,157.84,323.68,158,166,0.00,0.00,0,0
1419359783,s4-eth3,5352.65,245670.34,251022.98,245916,5358,80.92,83.92,164.84,84,81,0.00,0.00,0,0
1419359783,s4-eth2,5352.65,239752.25,245104.91,239992,5358,80.92,81.92,162.84,82,81,0.00,0.00,0,0
1419359783,s2,0.00,279.72,279.72,280,0,0.00,4.00,4.00,4,0,0.00,0.00,0,0
1419359783,s5-eth1,245670.34,5352.65,251022.98,5358,245916,83.92,80.92,164.84,81,84,0.00,0.00,0,0
1419359783,s5-eth2,5352.65,242711.30,248063.94,242954,5358,80.92,82.92,163.84,83,81,0.00,0.00,0,0
1419359783,total,3740873.25,3794489.50,7535363.00,3798284,3744614,2520.48,2543.46,5063.94,2546,2523,0.00,0.00,0,0
1419359784,s3,0.00,139.86,139.86,140,0,0.00,2.00,2.00,2,0,0.00,0.00,0,0
1419359784,s1-eth1,1222293.75,27300.70,1249594.50,27328,1223516,415.58,413.59,829.17,414,416,0.00,0.00,0,0
1419359784,s1-eth3,21300.70,997266.75,1018567.44,998264,21322,322.68,337.66,660.34,338,323,0.00,0.00,0,0
1419359784,s1-eth2,6139.86,281108.91,287248.75,281390,6146,92.91,94.91,187.81,95,93,0.00,0.00,0,0
1419359784,s4,0.00,139.86,139.86,140,0,0.00,2.00,2.00,2,0,0.00,0.00,0,0
1419359784,s2-eth1,996271.50,21279.44,1017550.94,21322,998264,337.33,322.36,659.68,323,338,0.00,0.00,0,0
1419359784,s2-eth3,15483.03,724311.38,739794.44,725760,15514,234.53,245.51,480.04,246,235,0.00,0.00,0,0
1419359784,s2-eth2,5936.13,271960.09,277896.22,272504,5948,89.82,91.82,181.64,92,90,0.00,0.00,0,0
1419359784,s5,0.00,139.72,139.72,140,0,0.00,2.00,2.00,2,0,0.00,0.00,0,0
1419359784,s3-eth1,724311.38,15548.90,739860.31,15580,725760,245.51,235.53,481.04,236,246,0.00,0.00,0,0
1419359784,s3-eth3,9822.36,458193.62,468015.97,459110,9842,148.70,154.69,303.39,155,149,0.00,0.00,0,0
1419359784,s3-eth2,5800.40,266117.78,271918.16,266650,5812,87.82,90.82,178.64,91,88,0.00,0.00,0,0
1419359784,eth0,0.00,0.00,0.00,0,0,0.00,0.00,0.00,0,0,0.00,0.00,0,0
1419359784,lo,2674.65,2674.65,5349.30,2680,2680,29.94,29.94,59.88,30,30,0.00,0.00,0,0
1419359784,s1,0.00,139.72,139.72,140,0,0.00,2.00,2.00,2,0,0.00,0.00,0,0
1419359784,s4-eth1,455237.53,9822.36,465059.91,9842,456148,153.69,148.70,302.40,149,154,0.00,0.00,0,0
1419359784,s4-eth3,4684.63,215794.42,220479.05,216226,4694,70.86,72.85,143.71,73,71,0.00,0.00,0,0
1419359784,s4-eth2,5277.45,239443.12,244720.56,239922,5288,79.84,80.84,160.68,81,80,0.00,0.00,0,0
1419359784,s2,0.00,139.72,139.72,140,0,0.00,2.00,2.00,2,0,0.00,0.00,0,0
1419359784,s5-eth1,215794.42,4684.63,220479.05,4694,216226,72.85,70.86,143.71,71,73,0.00,0.00,0,0
1419359784,s5-eth2,4750.50,215794.42,220544.92,216226,4760,71.86,72.85,144.71,73,72,0.00,0.00,0,0
1419359784,total,3694531.00,3750696.75,7445227.50,3758198,3701920,2453.09,2472.06,4925.15,2477,2458,0.00,0.00,0,0
1419359785,s3,0.00,0.00,0.00,0,0,0.00,0.00,0.00,0,0,0.00,0.00,0,0
1419359785,s1-eth1,1214952.12,27137.72,1242089.88,27192,1217382,410.18,411.18,821.36,412,411,0.00,0.00,0,0
1419359785,s1-eth3,21311.38,999325.38,1020636.75,1001324,21354,324.35,341.32,665.67,342,325,0.00,0.00,0,0
1419359785,s1-eth2,6095.81,278039.94,284135.75,278596,6108,93.81,97.80,191.62,98,94,0.00,0.00,0,0
1419359785,s4,0.00,0.00,0.00,0,0,0.00,0.00,0.00,0,0,0.00,0.00,0,0
1419359785,s2-eth1,1000323.69,21332.67,1021656.38,21354,1001324,341.66,324.68,666.33,325,342,0.00,0.00,0,0
1419359785,s2-eth3,16405.60,757766.25,774171.88,758524,16422,250.75,261.74,512.49,262,251,0.00,0.00,0,0
1419359785,s2-eth2,5244.76,239850.16,245094.91,240090,5250,80.92,84.92,165.83,85,81,0.00,0.00,0,0
1419359785,s5,0.00,0.00,0.00,0,0,0.00,0.00,0.00,0,0,0.00,0.00,0,0
1419359785,s3-eth1,757766.25,16339.66,774105.94,16356,758524,261.74,249.75,511.49,250,262,0.00,0.00,0,0
1419359785,s3-eth3,11394.61,524002.00,535396.62,524526,11406,174.83,182.82,357.64,183,175,0.00,0.00,0,0
1419359785,s3-eth2,5112.89,233932.08,239044.97,234166,5118,78.92,82.92,161.84,83,79,0.00,0.00,0,0
1419359785,eth0,0.00,0.00,0.00,0,0,0.00,0.00,0.00,0,0,0.00,0.00,0,0
1419359785,lo,16079.92,16079.92,32159.84,16096,16096,147.85,147.85,295.70,148,148,0.00,0.00,0,0
1419359785,s1,0.00,0.00,0.00,0,0,0.00,0.00,0.00,0,0,0.00,0.00,0,0
1419359785,s4-eth1,524002.00,11394.61,535396.62,11406,524526,182.82,174.83,357.64,175,183,0.00,0.00,0,0
1419359785,s4-eth3,6167.83,281276.72,287444.56,281558,6174,94.91,98.90,193.81,99,95,0.00,0.00,0,0
1419359785,s4-eth2,5310.69,245768.23,251078.92,246014,5316,81.92,86.91,168.83,87,82,0.00,0.00,0,0
1419359785,s2,0.00,0.00,0.00,0,0,0.00,0.00,0.00,0,0,0.00,0.00,0,0
1419359785,s5-eth1,281276.72,6167.83,287444.56,6174,281558,98.90,94.91,193.81,95,99,0.00,0.00,0,0
1419359785,s5-eth2,6101.90,281276.72,287378.62,281558,6108,93.91,98.90,192.81,99,94,0.00,0.00,0,0
1419359785,total,3878787.25,3940993.00,7819780.50,3944934,3882666,2718.28,2740.26,5458.54,2743,2721,0.00,0.00,0,0
1419359786,s3,0.00,0.00,0.00,0,0,0.00,0.00,0.00,0,0,0.00,0.00,0,0
1419359786,s1-eth1,1222084.00,27320.68,1249404.62,27348,1223306,412.59,411.59,824.18,412,413,0.00,0.00,0,0
1419359786,s1-eth3,21452.55,1067294.75,1088747.25,1068362,21474,322.68,368.63,691.31,369,323,0.00,0.00,0,0
1419359786,s1-eth2,5934.07,295904.09,301838.16,296200,5940,89.91,99.90,189.81,100,90,0.00,0.00,0,0
1419359786,s4,0.00,0.00,0.00,0,0,0.00,0.00,0.00,0,0,0.00,0.00,0,0
1419359786,s2-eth1,1067294.75,21452.55,1088747.25,21474,1068362,368.63,322.68,691.31,323,369,0.00,0.00,0,0
1419359786,s2-eth3,15956.04,794997.00,810953.06,795792,15972,239.76,275.72,515.48,276,240,0.00,0.00,0,0
1419359786,s2-eth2,5496.50,272297.72,277794.22,272570,5502,82.92,92.91,175.82,93,83,0.00,0.00,0,0
1419359786,s5,0.00,0.00,0.00,0,0,0.00,0.00,0.00,0,0,0.00,0.00,0,0
1419359786,s3-eth1,795792.00,15972.00,811764.00,15972,795792,276.00,240.00,516.00,240,276,0.00,0.00,0,0
1419359786,s3-eth3,10212.00,515586.00,525798.00,515586,10212,154.00,177.00,331.00,177,154,0.00,0.00,0,0
1419359786,s3-eth2,5826.00,281720.00,287546.00,281720,5826,87.00,100.00,187.00,100,87,0.00,0.00,0,0
1419359786,eth0,0.00,0.00,0.00,0,0,0.00,0.00,0.00,0,0,0.00,0.00,0,0
1419359786,lo,0.00,0.00,0.00,0,0,0.00,0.00,0.00,0,0,0.00,0.00,0,0
1419359786,s1,0.00,0.00,0.00,0,0,0.00,0.00,0.00,0,0,0.00,0.00,0,0
1419359786,s4-eth1,515070.94,10201.80,525272.75,10212,515586,176.82,153.85,330.67,154,177,0.00,0.00,0,0
1419359786,s4-eth3,5256.74,263552.47,268809.19,263816,5262,78.92,91.91,170.83,92,79,0.00,0.00,0,0
1419359786,s4-eth2,4945.06,248559.45,253504.50,248808,4950,74.93,83.92,158.84,84,75,0.00,0.00,0,0
1419359786,s2,0.00,0.00,0.00,0,0,0.00,0.00,0.00,0,0,0.00,0.00,0,0
1419359786,s5-eth1,263552.47,5256.74,268809.19,5262,263816,91.91,78.92,170.83,79,92,0.00,0.00,0,0
1419359786,s5-eth2,5322.68,263552.47,268875.12,263816,5328,79.92,91.91,171.83,92,80,0.00,0.00,0,0
1419359786,total,3943384.75,4082855.25,8026240.00,4086938,3947328,2535.46,2588.41,5123.88,2591,2538,0.00,0.00,0,0
1419359787,s3,0.00,279.44,279.44,280,0,0.00,3.99,3.99,4,0,0.00,0.00,0,0
1419359787,s1-eth1,1232465.12,53990.02,1286455.12,54098,1234930,587.82,585.83,1173.65,587,589,0.00,0.00,0,0
1419359787,s1-eth3,46127.75,927612.81,973740.56,929468,46220,501.00,566.87,1067.86,568,502,0.00,0.00,0,0
1419359787,s1-eth2,8141.72,244910.19,253051.91,245400,8158,88.82,141.72,230.54,142,89,0.00,0.00,0,0
1419359787,s4,0.00,279.44,279.44,280,0,0.00,3.99,3.99,4,0,0.00,0.00,0,0
1419359787,s2-eth1,927612.81,46127.75,973740.56,46220,929468,566.87,501.00,1067.86,502,568,0.00,0.00,0,0
1419359787,s2-eth3,32771.68,637260.25,670031.94,639172,32870,355.93,380.86,736.79,382,357,0.00,0.00,0,0
1419359787,s2-eth2,13495.51,289427.72,302923.22,290296,13536,147.56,185.44,333.00,186,148,0.00,0.00,0,0
1419359787,s5,0.00,279.16,279.16,280,0,0.00,3.99,3.99,4,0,0.00,0.00,0,0
1419359787,s3-eth1,637260.25,32771.68,670031.94,32870,639172,380.86,355.93,736.79,357,382,0.00,0.00,0,0
1419359787,s3-eth3,24315.05,496225.31,520540.38,497714,24388,261.22,300.10,561.32,301,262,0.00,0.00,0,0
1419359787,s3-eth2,8642.07,141034.89,149676.97,141458,8668,97.71,80.76,178.46,81,98,0.00,0.00,0,0
1419359787,eth0,0.00,0.00,0.00,0,0,0.00,0.00,0.00,0,0,0.00,0.00,0,0
1419359787,lo,5349.30,5349.30,10698.60,5360,5360,59.88,59.88,119.76,60,60,0.00,0.00,0,0
1419359787,s1,0.00,279.44,279.44,280,0,0.00,3.99,3.99,4,0,0.00,0.00,0,0
1419359787,s4-eth1,496720.56,24339.32,521059.91,24388,497714,300.40,261.48,561.88,262,301,0.00,0.00,0,0
1419359787,s4-eth3,11818.36,226910.19,238728.55,227364,11842,126.75,131.74,258.48,132,127,0.00,0.00,0,0
1419359787,s4-eth2,12800.40,269810.38,282610.78,270350,12826,138.72,168.66,307.39,169,139,0.00,0.00,0,0
1419359787,s2,0.00,279.44,279.44,280,0,0.00,3.99,3.99,4,0,0.00,0.00,0,0
1419359787,s5-eth1,226910.19,11818.36,238728.55,11842,227364,131.74,126.75,258.48,127,132,0.00,0.00,0,0
1419359787,s5-eth2,11818.36,226910.19,238728.55,227364,11842,126.75,131.74,258.48,132,127,0.00,0.00,0,0
1419359787,total,3696964.25,3637489.00,7334453.50,3644764,3704358,3873.25,4000.00,7873.25,4008,3881,0.00,0.00,0,0
1419359788,s3,0.00,139.72,139.72,140,0,0.00,2.00,2.00,2,0,0.00,0.00,0,0
1419359788,s1-eth1,1237006.00,45744.51,1282750.50,45836,1239480,612.77,586.83,1199.60,588,614,0.00,0.00,0,0
1419359788,s1-eth3,36776.45,1033008.00,1069784.50,1035074,36850,478.04,434.13,912.18,435,479,0.00,0.00,0,0
1419359788,s1-eth2,9107.79,274920.16,284027.94,275470,9126,110.78,114.77,225.55,115,111,0.00,0.00,0,0
1419359788,s4,0.00,139.72,139.72,140,0,0.00,2.00,2.00,2,0,0.00,0.00,0,0
1419359788,s2-eth1,1033008.00,36776.45,1069784.50,36850,1035074,434.13,478.04,912.18,479,435,0.00,0.00,0,0
1419359788,s2-eth3,23880.24,747115.81,770996.00,748610,23928,313.37,306.39,619.76,307,314,0.00,0.00,0,0
1419359788,s2-eth2,13129.74,288848.31,301978.06,289426,13156,167.66,128.74,296.41,129,168,0.00,0.00,0,0
1419359788,s5,0.00,139.72,139.72,140,0,0.00,2.00,2.00,2,0,0.00,0.00,0,0
1419359788,s3-eth1,747115.81,23880.24,770996.00,23928,748610,306.39,313.37,619.76,314,307,0.00,0.00,0,0
1419359788,s3-eth3,19692.62,553059.88,572752.50,554166,19732,257.49,234.53,492.02,235,258,0.00,0.00,0,0
1419359788,s3-eth2,4355.29,192544.92,196900.20,192930,4364,57.88,70.86,128.74,71,58,0.00,0.00,0,0
1419359788,eth0,0.00,0.00,0.00,0,0,0.00,0.00,0.00,0,0,0.00,0.00,0,0
1419359788,lo,2674.65,2674.65,5349.30,2680,2680,29.94,29.94,59.88,30,30,0.00,0.00,0,0
1419359788,s1,0.00,139.72,139.72,140,0,0.00,2.00,2.00,2,0,0.00,0.00,0,0
1419359788,s4-eth1,556016.00,19758.48,575774.44,19798,557128,235.53,258.48,494.01,259,236,0.00,0.00,0,0
1419359788,s4-eth3,9285.43,279518.97,288804.41,280078,9304,121.76,118.76,240.52,119,122,0.00,0.00,0,0
1419359788,s4-eth2,10546.91,276497.00,287043.91,277050,10568,137.72,116.77,254.49,117,138,0.00,0.00,0,0
1419359788,s2,0.00,139.72,139.72,140,0,0.00,2.00,2.00,2,0,0.00,0.00,0,0
1419359788,s5-eth1,279518.97,9285.43,288804.41,9304,280078,118.76,121.76,240.52,122,119,0.00,0.00,0,0
1419359788,s5-eth2,9285.43,279518.97,288804.41,280078,9304,121.76,118.76,240.52,119,122,0.00,0.00,0,0
1419359788,total,3991399.25,4063850.50,8055249.50,4071978,3999382,3503.99,3442.12,6946.11,3449,3511,0.00,0.00,0,0
1419359789,s3,0.00,0.00,0.00,0,0,0.00,0.00,0.00,0,0,0.00,0.00,0,0
1419359789,s1-eth1,1220864.25,27269.46,1248133.75,27324,1223306,412.18,413.17,825.35,414,413,0.00,0.00,0,0
1419359789,s1-eth3,21473.05,993245.56,1014718.56,995232,21516,325.35,335.33,660.68,336,326,0.00,0.00,0,0
1419359789,s1-eth2,5730.54,266047.91,271778.44,266580,5742,86.83,89.82,176.65,90,87,0.00,0.00,0,0
1419359789,s4,0.00,0.00,0.00,0,0,0.00,0.00,0.00,0,0,0.00,0.00,0,0
1419359789,s2-eth1,993245.56,21473.05,1014718.56,21516,995232,335.33,325.35,660.68,326,336,0.00,0.00,0,0
1419359789,s2-eth3,15956.04,736801.25,752757.25,737538,15972,241.76,248.75,490.51,249,242,0.00,0.00,0,0
1419359789,s2-eth2,5538.46,254477.53,260015.98,254732,5544,83.92,85.91,169.83,86,84,0.00,0.00,0,0
1419359789,s5,0.00,0.00,0.00,0,0,0.00,0.00,0.00,0,0,0.00,0.00,0,0
1419359789,s3-eth1,736801.25,15956.04,752757.25,15972,737538,248.75,241.76,490.51,242,249,0.00,0.00,0,0
1419359789,s3-eth3,10351.65,479364.66,489716.31,479844,10362,156.84,161.84,318.68,162,157,0.00,0.00,0,0
1419359789,s3-eth2,5604.40,260395.61,266000.00,260656,5610,84.92,87.91,172.83,88,85,0.00,0.00,0,0
1419359789,eth0,0.00,0.00,0.00,0,0,0.00,0.00,0.00,0,0,0.00,0.00,0,0
1419359789,lo,0.00,0.00,0.00,0,0,0.00,0.00,0.00,0,0,0.00,0.00,0,0
1419359789,s1,0.00,0.00,0.00,0,0,0.00,0.00,0.00,0,0,0.00,0.00,0,0
1419359789,s4-eth1,476405.59,10351.65,486757.25,10362,476882,160.84,156.84,317.68,157,161,0.00,0.00,0,0
1419359789,s4-eth3,5406.59,251518.48,256925.08,251770,5412,81.92,84.92,166.83,85,82,0.00,0.00,0,0
1419359789,s4-eth2,4945.06,227846.16,232791.22,228074,4950,74.93,76.92,151.85,77,75,0.00,0.00,0,0
1419359789,s2,0.00,0.00,0.00,0,0,0.00,0.00,0.00,0,0,0.00,0.00,0,0
1419359789,s5-eth1,251267.47,5401.20,256668.67,5412,251770,84.83,81.84,166.67,82,85,0.00,0.00,0,0
1419359789,s5-eth2,5401.20,251267.47,256668.67,251770,5412,81.84,84.83,166.67,85,82,0.00,0.00,0,0
1419359789,total,3757732.75,3799183.75,7556916.50,3806782,3765248,2459.08,2474.05,4933.13,2479,2464,0.00,0.00,0,0
1419359790,s3,0.00,0.00,0.00,0,0,0.00,0.00,0.00,0,0,0.00,0.00,0,0
1419359790,s1-eth1,1223820.38,27269.46,1251089.88,27324,1226268,413.17,413.17,826.35,414,414,0.00,0.00,0,0
1419359790,s1-eth3,21407.19,963684.69,985091.81,965612,21450,324.35,325.35,649.70,326,325,0.00,0.00,0,0
1419359790,s1-eth2,5928.14,266047.91,271976.06,266580,5940,89.82,89.82,179.64,90,90,0.00,0.00,0,0
1419359790,s4,0.00,0.00,0.00,0,0,0.00,0.00,0.00,0,0,0.00,0.00,0,0
1419359790,s2-eth1,963684.69,21407.19,985091.81,21450,965612,325.35,324.35,649.70,325,326,0.00,0.00,0,0
1419359790,s2-eth3,15874.25,718329.38,734203.62,719766,15906,240.52,242.51,483.03,243,241,0.00,0.00,0,0
1419359790,s2-eth2,5467.07,248311.39,253778.45,248808,5478,82.83,83.83,166.67,84,83,0.00,0.00,0,0
1419359790,s5,0.00,0.00,0.00,0,0,0.00,0.00,0.00,0,0,0.00,0.00,0,0
1419359790,s3-eth1,718329.38,15874.25,734203.62,15906,719766,242.51,240.52,483.03,241,243,0.00,0.00,0,0
1419359790,s3-eth3,10538.92,470017.97,480556.91,470958,10560,159.68,158.68,318.36,159,160,0.00,0.00,0,0
1419359790,s3-eth2,5401.20,245355.30,250756.50,245846,5412,81.84,82.83,164.67,83,82,0.00,0.00,0,0
1419359790,eth0,0.00,0.00,0.00,0,0,0.00,0.00,0.00,0,0,0.00,0.00,0,0
1419359790,lo,0.00,0.00,0.00,0,0,0.00,0.00,0.00,0,0,0.00,0.00,0,0
1419359790,s1,0.00,0.00,0.00,0,0,0.00,0.00,0.00,0,0,0.00,0.00,0,0
1419359790,s4-eth1,472974.06,10473.05,483447.12,10494,473920,159.68,158.68,318.36,159,160,0.00,0.00,0,0
1419359790,s4-eth3,5335.33,239443.12,244778.45,239922,5346,80.84,80.84,161.68,81,81,0.00,0.00,0,0
1419359790,s4-eth2,5137.72,230574.86,235712.58,231036,5148,77.84,77.84,155.69,78,78,0.00,0.00,0,0
1419359790,s2,0.00,0.00,0.00,0,0,0.00,0.00,0.00,0,0,0.00,0.00,0,0
1419359790,s5-eth1,239682.33,5340.66,245022.98,5346,239922,80.92,80.92,161.84,81,81,0.00,0.00,0,0
1419359790,s5-eth2,5340.66,239682.33,245022.98,239922,5346,80.92,80.92,161.84,81,81,0.00,0.00,0,0
1419359790,total,3702371.75,3705264.75,7407636.50,3708970,3706074,2442.56,2442.56,4885.12,2445,2445,0.00,0.00,0,0
1419359791,s3,0.00,0.00,0.00,0,0,0.00,0.00,0.00,0,0,0.00,0.00,0,0
1419359791,s1-eth1,1225043.00,27230.77,1252273.75,27258,1226268,413.59,412.59,826.17,413,414,0.00,0.00,0,0
1419359791,s1-eth3,21428.57,967606.44,989035.00,968574,21450,324.68,326.67,651.35,327,325,0.00,0.00,0,0
1419359791,s1-eth2,5736.26,257436.58,263172.84,257694,5742,86.91,86.91,173.83,87,87,0.00,0.00,0,0
1419359791,s4,0.00,0.00,0.00,0,0,0.00,0.00,0.00,0,0,0.00,0.00,0,0
1419359791,s2-eth1,967606.44,21428.57,989035.00,21450,968574,326.67,324.68,651.35,325,327,0.00,0.00,0,0
1419359791,s2-eth3,15890.11,713128.88,729019.00,713842,15906,240.76,240.76,481.52,241,241,0.00,0.00,0,0
1419359791,s2-eth2,5604.40,251518.48,257122.89,251770,5610,84.92,84.92,169.83,85,85,0.00,0.00,0,0
1419359791,s5,0.00,0.00,0.00,0,0,0.00,0.00,0.00,0,0,0.00,0.00,0,0
1419359791,s3-eth1,713128.88,15890.11,729019.00,15906,713842,240.76,240.76,481.52,241,241,0.00,0.00,0,0
1419359791,s3-eth3,10417.58,470487.53,480905.09,470958,10428,157.84,158.84,316.68,159,158,0.00,0.00,0,0
1419359791,s3-eth2,5472.53,245600.41,251072.94,245846,5478,82.92,82.92,165.83,83,83,0.00,0.00,0,0
1419359791,eth0,0.00,0.00,0.00,0,0,0.00,0.00,0.00,0,0,0.00,0.00,0,0
1419359791,lo,0.00,0.00,0.00,0,0,0.00,0.00,0.00,0,0,0.00,0.00,0,0
1419359791,s1,0.00,0.00,0.00,0,0,0.00,0.00,0.00,0,0,0.00,0.00,0,0
1419359791,s4-eth1,467528.47,10417.58,477946.06,10428,467996,157.84,157.84,315.68,158,158,0.00,0.00,0,0
1419359791,s4-eth3,5340.66,236723.28,242063.94,236960,5346,80.92,79.92,160.84,80,81,0.00,0.00,0,0
1419359791,s4-eth2,5142.86,230805.20,235948.06,231036,5148,77.92,77.92,155.84,78,78,0.00,0.00,0,0
1419359791,s2,0.00,0.00,0.00,0,0,0.00,0.00,0.00,0,0,0.00,0.00,0,0
1419359791,s5-eth1,236723.28,5340.66,242063.94,5346,236960,79.92,80.92,160.84,81,80,0.00,0.00,0,0
1419359791,s5-eth2,5274.73,236723.28,241998.02,236960,5280,79.92,79.92,159.84,80,80,0.00,0.00,0,0
1419359791,total,3690337.75,3690337.75,7380675.50,3694028,3694028,2435.56,2435.56,4871.13,2438,2438,0.00,0.00,0,0
1419359792,s3,0.00,0.00,0.00,0,0,0.00,0.00,0.00,0,0,0.00,0.00,0,0
1419359792,s1-eth1,1220864.25,27269.46,1248133.75,27324,1223306,412.18,413.17,825.35,414,413,0.00,0.00,0,0
1419359792,s1-eth3,21407.19,972552.94,993960.12,974498,21450,324.35,328.34,652.69,329,325,0.00,0.00,0,0
1419359792,s1-eth2,5862.28,266047.91,271910.19,266580,5874,88.82,89.82,178.64,90,89,0.00,0.00,0,0
1419359792,s4,0.00,0.00,0.00,0,0,0.00,0.00,0.00,0,0,0.00,0.00,0,0
1419359792,s2-eth1,972552.94,21407.19,993960.12,21450,974498,328.34,324.35,652.69,325,329,0.00,0.00,0,0
1419359792,s2-eth3,15808.38,718329.38,734137.75,719766,15840,239.52,242.51,482.04,243,240,0.00,0.00,0,0
1419359792,s2-eth2,5598.80,254223.56,259822.36,254732,5610,84.83,85.83,170.66,86,85,0.00,0.00,0,0
1419359792,s5,0.00,0.00,0.00,0,0,0.00,0.00,0.00,0,0,0.00,0.00,0,0
1419359792,s3-eth1,718329.38,15808.38,734137.75,15840,719766,242.51,239.52,482.04,240,243,0.00,0.00,0,0
1419359792,s3-eth3,10407.19,475930.16,486337.34,476882,10428,157.68,160.68,318.36,161,158,0.00,0.00,0,0
1419359792,s3-eth2,5335.33,239443.12,244778.45,239922,5346,80.84,80.84,161.68,81,81,0.00,0.00,0,0
1419359792,eth0,0.00,0.00,0.00,0,0,0.00,0.00,0.00,0,0,0.00,0.00,0,0
1419359792,lo,857.43,857.43,1714.86,860,860,14.96,14.96,29.91,15,15,0.00,0.00,0,0
1419359792,s1,0.00,0.00,0.00,0,0,0.00,0.00,0.00,0,0,0.00,0.00,0,0
1419359792,s4-eth1,475455.62,10396.81,485852.44,10428,476882,160.52,157.53,318.05,158,161,0.00,0.00,0,0
1419359792,s4-eth3,5198.40,239204.39,244402.80,239922,5214,78.76,80.76,159.52,81,79,0.00,0.00,0,0
1419359792,s4-eth2,5198.40,236251.25,241449.66,236960,5214,78.76,79.76,158.52,80,79,0.00,0.00,0,0
1419359792,s2,0.00,0.00,0.00,0,0,0.00,0.00,0.00,0,0,0.00,0.00,0,0
1419359792,s5-eth1,239204.39,5198.40,244402.80,5214,239922,80.76,78.76,159.52,79,81,0.00,0.00,0,0
1419359792,s5-eth2,5264.21,239204.39,244468.59,239922,5280,79.76,80.76,160.52,81,80,0.00,0.00,0,0
1419359792,total,3704377.00,3719142.50,7423519.50,3730300,3715490,2450.65,2455.63,4906.28,2463,2458,0.00,0.00,0,0
1419359793,s3,0.00,0.00,0.00,0,0,0.00,0.00,0.00,0,0,0.00,0.00,0,0
1419359793,s1-eth1,1207288.75,26835.17,1234123.88,26862,1208496,407.59,406.59,814.19,407,408,0.00,0.00,0,0
1419359793,s1-eth3,21032.97,970565.44,991598.44,971536,21054,318.68,327.67,646.35,328,319,0.00,0.00,0,0
1419359793,s1-eth2,5862.28,269004.00,274866.28,269542,5874,88.82,90.82,179.64,91,89,0.00,0.00,0,0
1419359793,s4,0.00,0.00,0.00,0,0,0.00,0.00,0.00,0,0,0.00,0.00,0,0
1419359793,s2-eth1,969596.81,21011.98,990608.81,21054,971536,327.35,318.36,645.71,319,328,0.00,0.00,0,0
1419359793,s2-eth3,15479.04,718329.38,733808.38,719766,15510,234.53,242.51,477.05,243,235,0.00,0.00,0,0
1419359793,s2-eth2,5532.93,254223.56,259756.50,254732,5544,83.83,85.83,169.66,86,84,0.00,0.00,0,0
1419359793,s5,0.00,0.00,0.00,0,0,0.00,0.00,0.00,0,0,0.00,0.00,0,0
1419359793,s3-eth1,718329.38,15479.04,733808.38,15510,719766,242.51,234.53,477.05,235,243,0.00,0.00,0,0
1419359793,s3-eth3,10736.53,499578.84,510315.38,500578,10758,162.67,168.66,331.34,169,163,0.00,0.00,0,0
1419359793,s3-eth2,4808.38,221706.59,226514.97,222150,4818,72.85,74.85,147.70,75,73,0.00,0.00,0,0
1419359793,eth0,0.00,0.00,0.00,0,0,0.00,0.00,0.00,0,0,0.00,0.00,0,0
1419359793,lo,0.00,0.00,0.00,0,0,0.00,0.00,0.00,0,0,0.00,0.00,0,0
1419359793,s1,0.00,0.00,0.00,0,0,0.00,0.00,0.00,0,0,0.00,0.00,0,0
1419359793,s4-eth1,499578.84,10736.53,510315.38,10758,500578,168.66,162.67,331.34,163,169,0.00,0.00,0,0
1419359793,s4-eth3,5203.59,242399.20,247602.80,242884,5214,78.84,81.84,160.68,82,79,0.00,0.00,0,0
1419359793,s4-eth2,5532.93,257179.64,262712.59,257694,5544,83.83,86.83,170.66,87,84,0.00,0.00,0,0
1419359793,s2,0.00,0.00,0.00,0,0,0.00,0.00,0.00,0,0,0.00,0.00,0,0
1419359793,s5-eth1,242399.20,5203.59,247602.80,5214,242884,81.84,78.84,160.68,79,82,0.00,0.00,0,0
1419359793,s5-eth2,5203.59,242399.20,247602.80,242884,5214,78.84,81.84,160.68,82,79,0.00,0.00,0,0
1419359793,total,3715359.50,3753656.75,7469016.00,3761164,3722790,2430.14,2441.12,4871.26,2446,2435,0.00,0.00,0,0
1419359794,s3,0.00,0.00,0.00,0,0,0.00,0.00,0.00,0,0,0.00,0.00,0,0
1419359794,s1-eth1,1214952.12,27137.72,1242089.88,27192,1217382,410.18,411.18,821.36,412,411,0.00,0.00,0,0
1419359794,s1-eth3,21407.19,1022806.44,1044213.62,1024852,21450,324.35,345.31,669.66,346,325,0.00,0.00,0,0
1419359794,s1-eth2,5670.33,266313.69,271984.03,266580,5676,85.91,89.91,175.82,90,86,0.00,0.00,0,0
1419359794,s4,0.00,0.00,0.00,0,0,0.00,0.00,0.00,0,0,0.00,0.00,0,0
1419359794,s2-eth1,1023828.19,21428.57,1045256.75,21450,1024852,345.65,324.68,670.33,325,346,0.00,0.00,0,0
1419359794,s2-eth3,15428.57,736801.25,752229.81,737538,15444,233.77,248.75,482.52,249,234,0.00,0.00,0,0
1419359794,s2-eth2,6000.00,284067.94,290067.94,284352,6006,90.91,95.90,186.81,96,91,0.00,0.00,0,0
1419359794,s5,0.00,0.00,0.00,0,0,0.00,0.00,0.00,0,0,0.00,0.00,0,0
1419359794,s3-eth1,736801.25,15428.57,752229.81,15444,737538,248.75,233.77,482.52,234,249,0.00,0.00,0,0
1419359794,s3-eth3,9880.24,472974.06,482854.31,473920,9900,149.70,159.68,309.38,160,150,0.00,0.00,0,0
1419359794,s3-eth2,5467.07,260135.73,265602.81,260656,5478,82.83,87.82,170.66,88,83,0.00,0.00,0,0
1419359794,eth0,0.00,0.00,0.00,0,0,0.00,0.00,0.00,0,0,0.00,0.00,0,0
1419359794,lo,0.00,0.00,0.00,0,0,0.00,0.00,0.00,0,0,0.00,0.00,0,0
1419359794,s1,0.00,0.00,0.00,0,0,0.00,0.00,0.00,0,0,0.00,0.00,0,0
1419359794,s4-eth1,473446.56,9956.04,483402.62,9966,473920,159.84,150.85,310.69,151,160,0.00,0.00,0,0
1419359794,s4-eth3,5142.86,245600.41,250743.27,245846,5148,77.92,82.92,160.84,83,78,0.00,0.00,0,0
1419359794,s4-eth2,4742.52,227618.77,232361.28,228074,4752,71.86,76.85,148.70,77,72,0.00,0.00,0,0
1419359794,s2,0.00,0.00,0.00,0,0,0.00,0.00,0.00,0,0,0.00,0.00,0,0
1419359794,s5-eth1,245355.30,5137.72,250493.02,5148,245846,82.83,77.84,160.68,78,83,0.00,0.00,0,0
1419359794,s5-eth2,5137.72,245355.30,250493.02,245846,5148,77.84,82.83,160.68,83,78,0.00,0.00,0,0
1419359794,total,3770998.00,3839185.75,7610184.00,3846864,3778540,2441.12,2467.07,4908.18,2472,2446,0.00,0.00,0,0
1419359795,s3,0.00,0.00,0.00,0,0,0.00,0.00,0.00,0,0,0.00,0.00,0,0
1419359795,s1-eth1,1211996.00,27005.99,1239002.00,27060,1214420,409.18,409.18,818.36,410,410,0.00,0.00,0,0
1419359795,s1-eth3,21275.45,1046455.12,1067730.62,1048548,21318,322.36,353.29,675.65,354,323,0.00,0.00,0,0
1419359795,s1-eth2,5730.54,280828.34,286558.88,281390,5742,86.83,94.81,181.64,95,87,0.00,0.00,0,0
1419359795,s4,0.00,0.00,0.00,0,0,0.00,0.00,0.00,0,0,0.00,0.00,0,0
1419359795,s2-eth1,1046455.12,21275.45,1067730.62,21318,1048548,353.29,322.36,675.65,323,354,0.00,0.00,0,0
1419359795,s2-eth3,16005.99,789275.50,805281.44,790854,16038,242.51,266.47,508.98,267,243,0.00,0.00,0,0
1419359795,s2-eth2,5269.46,263091.81,268361.28,263618,5280,79.84,88.82,168.66,89,80,0.00,0.00,0,0
1419359795,s5,0.00,0.00,0.00,0,0,0.00,0.00,0.00,0,0,0.00,0.00,0,0
1419359795,s3-eth1,789275.50,16005.99,805281.44,16038,790854,266.47,242.51,508.98,243,267,0.00,0.00,0,0
1419359795,s3-eth3,11406.59,562217.81,573624.38,562780,11418,172.83,189.81,362.64,190,173,0.00,0.00,0,0
1419359795,s3-eth2,4681.32,230805.20,235486.52,231036,4686,70.93,77.92,148.85,78,71,0.00,0.00,0,0
1419359795,eth0,0.00,0.00,0.00,0,0,0.00,0.00,0.00,0,0,0.00,0.00,0,0
1419359795,lo,0.00,0.00,0.00,0,0,0.00,0.00,0.00,0,0,0.00,0.00,0,0
1419359795,s1,0.00,0.00,0.00,0,0,0.00,0.00,0.00,0,0,0.00,0.00,0,0
1419359795,s4-eth1,562217.81,11340.66,573558.44,11352,562780,189.81,171.83,361.64,172,190,0.00,0.00,0,0
1419359795,s4-eth3,5208.79,260395.61,265604.41,260656,5214,78.92,87.91,166.83,88,79,0.00,0.00,0,0
1419359795,s4-eth2,6131.87,304781.22,310913.09,305086,6138,92.91,102.90,195.80,103,93,0.00,0.00,0,0
1419359795,s2,0.00,0.00,0.00,0,0,0.00,0.00,0.00,0,0,0.00,0.00,0,0
1419359795,s5-eth1,260395.61,5208.79,265604.41,5214,260656,87.91,78.92,166.83,79,88,0.00,0.00,0,0
1419359795,s5-eth2,5208.79,260395.61,265604.41,260656,5214,78.92,87.91,166.83,88,79,0.00,0.00,0,0
1419359795,total,3954351.75,4081524.50,8035876.50,4085606,3958306,2534.47,2576.42,5110.89,2579,2537,0.00,0.00,0,0
1419359796,s3,0.00,0.00,0.00,0,0,0.00,0.00,0.00,0,0,0.00,0.00,0,0
1419359796,s1-eth1,1226083.75,35665.00,1261748.75,35772,1229762,443.67,442.67,886.34,444,445,0.00,0.00,0,0
1419359796,s1-eth3,29601.20,1046023.94,1075625.12,1049162,29690,373.88,471.59,845.46,473,375,0.00,0.00,0,0
1419359796,s1-eth2,6035.89,198329.02,204364.91,198924,6054,68.79,117.65,186.44,118,69,0.00,0.00,0,0
1419359796,s4,0.00,0.00,0.00,0,0,0.00,0.00,0.00,0,0,0.00,0.00,0,0
1419359796,s2-eth1,1047067.88,29630.74,1076698.62,29690,1049162,472.06,374.25,846.31,375,473,0.00,0.00,0,0
1419359796,s2-eth3,22245.51,815501.00,837746.50,817132,22290,286.43,357.29,643.71,358,287,0.00,0.00,0,0
1419359796,s2-eth2,7385.23,227165.67,234550.91,227620,7400,87.82,113.77,201.60,114,88,0.00,0.00,0,0
1419359796,s5,0.00,0.00,0.00,0,0,0.00,0.00,0.00,0,0,0.00,0.00,0,0
1419359796,s3-eth1,814687.94,22223.33,836911.25,22290,817132,356.93,286.14,643.07,287,358,0.00,0.00,0,0
1419359796,s3-eth3,15239.52,576251.50,591491.06,577404,15270,198.60,257.49,456.09,258,199,0.00,0.00,0,0
1419359796,s3-eth2,6912.18,240760.48,247672.66,241242,6926,86.83,100.80,187.62,101,87,0.00,0.00,0,0
1419359796,eth0,0.00,0.00,0.00,0,0,0.00,0.00,0.00,0,0,0.00,0.00,0,0
1419359796,lo,0.00,0.00,0.00,0,0,0.00,0.00,0.00,0,0,0.00,0.00,0,0
1419359796,s1,0.00,0.00,0.00,0,0,0.00,0.00,0.00,0,0,0.00,0.00,0,0
1419359796,s4-eth1,576251.50,15239.52,591491.06,15270,577404,257.49,198.60,456.09,199,258,0.00,0.00,0,0
1419359796,s4-eth3,7884.23,317684.62,325568.88,318320,7900,107.78,127.74,235.53,128,108,0.00,0.00,0,0
1419359796,s4-eth2,7421.16,258566.88,265988.03,259084,7436,91.82,129.74,221.56,130,92,0.00,0.00,0,0
1419359796,s2,0.00,0.00,0.00,0,0,0.00,0.00,0.00,0,0,0.00,0.00,0,0
1419359796,s5-eth1,317684.62,7884.23,325568.88,7900,318320,127.74,107.78,235.53,108,128,0.00,0.00,0,0
1419359796,s5-eth2,7884.23,317684.62,325568.88,318320,7900,107.78,127.74,235.53,128,108,0.00,0.00,0,0
1419359796,total,4094457.25,4109910.25,8204367.50,4118130,4102646,3068.86,3214.57,6283.43,3221,3075,0.00,0.00,0,0
1419359797,s3,0.00,0.00,0.00,0,0,0.00,0.00,0.00,0,0,0.00,0.00,0,0
1419359797,s1-eth1,1243780.25,69566.44,1313346.75,69636,1245024,763.24,757.24,1520.48,758,764,0.00,0.00,0,0
1419359797,s1-eth3,62551.45,1182295.75,1244847.12,1183478,62614,682.32,730.27,1412.59,731,683,0.00,0.00,0,0
1419359797,s1-eth2,7042.96,215560.45,222603.41,215776,7050,74.93,131.87,206.79,132,75,0.00,0.00,0,0
1419359797,s4,0.00,0.00,0.00,0,0,0.00,0.00,0.00,0,0,0.00,0.00,0,0
1419359797,s2-eth1,1182295.75,62551.45,1244847.12,62614,1183478,730.27,682.32,1412.59,683,731,0.00,0.00,0,0
1419359797,s2-eth3,46737.27,883878.12,930615.44,884762,46784,501.50,548.45,1049.95,549,502,0.00,0.00,0,0
1419359797,s2-eth2,15814.19,298417.59,314231.78,298716,15830,180.82,181.82,362.64,182,181,0.00,0.00,0,0
1419359797,s5,0.00,0.00,0.00,0,0,0.00,0.00,0.00,0,0,0.00,0.00,0,0
1419359797,s3-eth1,883878.12,46737.27,930615.44,46784,884762,548.45,501.50,1049.95,502,549,0.00,0.00,0,0
1419359797,s3-eth3,30533.47,565798.19,596331.69,566364,30564,325.67,353.65,679.32,354,326,0.00,0.00,0,0
1419359797,s3-eth2,16297.70,313608.41,329906.09,313922,16314,176.82,192.81,369.63,193,177,0.00,0.00,0,0
1419359797,eth0,0.00,0.00,0.00,0,0,0.00,0.00,0.00,0,0,0.00,0.00,0,0
1419359797,lo,859.14,859.14,1718.28,860,860,14.99,14.99,29.97,15,15,0.00,0.00,0,0
1419359797,s1,0.00,0.00,0.00,0,0,0.00,0.00,0.00,0,0,0.00,0.00,0,0
1419359797,s4-eth1,565798.19,30533.47,596331.69,30564,566364,353.65,325.67,679.32,326,354,0.00,0.00,0,0
1419359797,s4-eth3,16369.63,329916.09,346285.72,330246,16386,174.83,198.80,373.63,199,175,0.00,0.00,0,0
1419359797,s4-eth2,14077.92,232923.08,247001.00,233156,14092,149.85,153.85,303.70,154,150,0.00,0.00,0,0
1419359797,s2,0.00,0.00,0.00,0,0,0.00,0.00,0.00,0,0,0.00,0.00,0,0
1419359797,s5-eth1,329916.09,16369.63,346285.72,16386,330246,198.80,174.83,373.63,175,199,0.00,0.00,0,0
1419359797,s5-eth2,16353.29,329586.84,345940.12,330246,16386,174.65,198.60,373.25,199,175,0.00,0.00,0,0
1419359797,total,4427898.50,4574361.50,9002260.00,4583510,4436754,5045.91,5141.72,10187.63,5152,5056,0.00,0.00,0,0
1419359798,s3,0.00,0.00,0.00,0,0,0.00,0.00,0.00,0,0,0.00,0.00,0,0
1419359798,s1-eth1,1230752.50,40746.51,1271499.00,40828,1233214,605.79,550.90,1156.69,552,607,0.00,0.00,0,0
1419359798,s1-eth3,32734.53,961201.62,993936.12,963124,32800,453.09,397.21,850.30,398,454,0.00,0.00,0,0
1419359798,s1-eth2,8077.84,221253.50,229331.34,221696,8094,98.80,111.78,210.58,112,99,0.00,0.00,0,0
1419359798,s4,0.00,0.00,0.00,0,0,0.00,0.00,0.00,0,0,0.00,0.00,0,0
1419359798,s2-eth1,961201.62,32734.53,993936.12,32800,963124,397.21,453.09,850.30,454,398,0.00,0.00,0,0
1419359798,s2-eth3,26363.27,732726.56,759089.81,734192,26416,361.28,307.39,668.66,308,362,0.00,0.00,0,0
1419359798,s2-eth2,6305.39,232876.25,239181.64,233342,6318,90.82,90.82,181.64,91,91,0.00,0.00,0,0
1419359798,s5,0.00,0.00,0.00,0,0,0.00,0.00,0.00,0,0,0.00,0.00,0,0
1419359798,s3-eth1,732726.56,26363.27,759089.81,26416,734192,307.39,361.28,668.66,362,308,0.00,0.00,0,0
1419359798,s3-eth3,18682.63,519097.81,537780.44,520136,18720,257.49,223.55,481.04,224,258,0.00,0.00,0,0
1419359798,s3-eth2,7680.64,213628.75,221309.39,214056,7696,103.79,83.83,187.62,84,104,0.00,0.00,0,0
1419359798,eth0,0.00,0.00,0.00,0,0,0.00,0.00,0.00,0,0,0.00,0.00,0,0
1419359798,lo,0.00,0.00,0.00,0,0,0.00,0.00,0.00,0,0,0.00,0.00,0,0
1419359798,s1,0.00,0.00,0.00,0,0,0.00,0.00,0.00,0,0,0.00,0.00,0,0
1419359798,s4-eth1,519097.81,18682.63,537780.44,18720,520136,223.55,257.49,481.04,258,224,0.00,0.00,0,0
1419359798,s4-eth3,10013.97,244704.59,254718.56,245194,10034,136.73,116.77,253.49,117,137,0.00,0.00,0,0
1419359798,s4-eth2,8754.49,274393.22,283147.72,274942,8772,121.76,106.79,228.54,107,122,0.00,0.00,0,0
1419359798,s2,0.00,0.00,0.00,0,0,0.00,0.00,0.00,0,0,0.00,0.00,0,0
1419359798,s5-eth1,244704.59,10013.97,254718.56,10034,245194,116.77,136.73,253.49,137,117,0.00,0.00,0,0
1419359798,s5-eth2,10023.98,247908.09,257932.08,248156,10034,136.86,117.88,254.75,118,137,0.00,0.00,0,0
1419359798,total,3820923.25,3779856.25,7600779.50,3783636,3824744,3414.59,3318.68,6733.27,3322,3418,0.00,0.00,0,0
1419359799,s3,0.00,0.00,0.00,0,0,0.00,0.00,0.00,0,0,0.00,0.00,0,0
1419359799,s1-eth1,1222084.00,27230.77,1249314.75,27258,1223306,412.59,412.59,825.17,413,413,0.00,0.00,0,0
1419359799,s1-eth3,22087.91,1009033.00,1031120.94,1010042,22110,334.67,340.66,675.32,341,335,0.00,0.00,0,0
1419359799,s1-eth2,5142.86,236723.28,241866.14,236960,5148,77.92,79.92,157.84,80,78,0.00,0.00,0,0
1419359799,s4,0.00,0.00,0.00,0,0,0.00,0.00,0.00,0,0,0.00,0.00,0,0
1419359799,s2-eth1,1009033.00,22087.91,1031120.94,22110,1010042,340.66,334.67,675.32,335,341,0.00,0.00,0,0
1419359799,s2-eth3,16796.41,762670.69,779467.06,764196,16830,254.49,257.49,511.98,258,255,0.00,0.00,0,0
1419359799,s2-eth2,5335.33,242399.20,247734.53,242884,5346,80.84,81.84,162.67,82,81,0.00,0.00,0,0
1419359799,s5,0.00,0.00,0.00,0,0,0.00,0.00,0.00,0,0,0.00,0.00,0,0
1419359799,s3-eth1,765626.75,16796.41,782423.19,16830,767158,258.48,254.49,512.97,255,259,0.00,0.00,0,0
1419359799,s3-eth3,11395.21,520271.47,531666.69,521312,11418,172.65,175.65,348.30,176,173,0.00,0.00,0,0
1419359799,s3-eth2,5401.20,248311.39,253712.58,248808,5412,81.84,83.83,165.67,84,82,0.00,0.00,0,0
1419359799,eth0,0.00,0.00,0.00,0,0,0.00,0.00,0.00,0,0,0.00,0.00,0,0
1419359799,lo,0.00,0.00,0.00,0,0,0.00,0.00,0.00,0,0,0.00,0.00,0,0
1419359799,s1,0.00,0.00,0.00,0,0,0.00,0.00,0.00,0,0,0.00,0.00,0,0
1419359799,s4-eth1,520271.47,11395.21,531666.69,11418,521312,175.65,172.65,348.30,173,176,0.00,0.00,0,0
1419359799,s4-eth3,6125.75,283784.44,289910.19,284352,6138,92.81,95.81,188.62,96,93,0.00,0.00,0,0
1419359799,s4-eth2,5269.46,236487.03,241756.50,236960,5280,79.84,79.84,159.68,80,80,0.00,0.00,0,0
1419359799,s2,0.00,0.00,0.00,0,0,0.00,0.00,0.00,0,0,0.00,0.00,0,0
1419359799,s5-eth1,283784.44,6125.75,289910.19,6138,284352,95.81,92.81,188.62,93,96,0.00,0.00,0,0
1419359799,s5-eth2,6125.75,280828.34,286954.09,281390,6138,92.81,94.81,187.62,95,93,0.00,0.00,0,0
1419359799,total,3882225.75,3902852.50,7785078.00,3910658,3889990,2549.90,2555.89,5105.79,2561,2555,0.00,0.00,0,0
1419359800,s3,0.00,0.00,0.00,0,0,0.00,0.00,0.00,0,0,0.00,0.00,0,0
1419359800,s1-eth1,1214952.12,27137.72,1242089.88,27192,1217382,410.18,411.18,821.36,412,411,0.00,0.00,0,0
1419359800,s1-eth3,22065.87,996201.62,1018267.50,998194,22110,334.33,336.33,670.66,337,335,0.00,0.00,0,0
1419359800,s1-eth2,5005.99,224662.69,229668.67,225112,5016,75.85,75.85,151.70,76,76,0.00,0.00,0,0
1419359800,s4,0.00,0.00,0.00,0,0,0.00,0.00,0.00,0,0,0.00,0.00,0,0
1419359800,s2-eth1,996201.62,22065.87,1018267.50,22110,998194,336.33,334.33,670.66,335,337,0.00,0.00,0,0
1419359800,s2-eth3,16467.07,739022.00,755489.06,740500,16500,249.50,249.50,499.00,250,250,0.00,0.00,0,0
1419359800,s2-eth2,5598.80,254223.56,259822.36,254732,5610,84.83,85.83,170.66,86,85,0.00,0.00,0,0
1419359800,s5,0.00,0.00,0.00,0,0,0.00,0.00,0.00,0,0,0.00,0.00,0,0
1419359800,s3-eth1,739022.00,16467.07,755489.06,16500,740500,249.50,249.50,499.00,250,250,0.00,0.00,0,0
1419359800,s3-eth3,11197.61,499578.84,510776.47,500578,11220,169.66,168.66,338.32,169,170,0.00,0.00,0,0
1419359800,s3-eth2,5269.46,236487.03,241756.50,236960,5280,79.84,79.84,159.68,80,80,0.00,0.00,0,0
1419359800,eth0,0.00,0.00,0.00,0,0,0.00,0.00,0.00,0,0,0.00,0.00,0,0
1419359800,lo,0.00,0.00,0.00,0,0,0.00,0.00,0.00,0,0,0.00,0.00,0,0
1419359800,s1,0.00,0.00,0.00,0,0,0.00,0.00,0.00,0,0,0.00,0.00,0,0
1419359800,s4-eth1,499578.84,11197.61,510776.47,11220,500578,168.66,169.66,338.32,170,169,0.00,0.00,0,0
1419359800,s4-eth3,5928.14,263091.81,269019.97,263618,5940,89.82,88.82,178.64,89,90,0.00,0.00,0,0
1419359800,s4-eth2,5269.46,236487.03,241756.50,236960,5280,79.84,79.84,159.68,80,80,0.00,0.00,0,0
1419359800,s2,0.00,0.00,0.00,0,0,0.00,0.00,0.00,0,0,0.00,0.00,0,0
1419359800,s5-eth1,263091.81,5928.14,269019.97,5940,263618,88.82,89.82,178.64,90,89,0.00,0.00,0,0
1419359800,s5-eth2,5862.28,263091.81,268954.09,263618,5874,88.82,88.82,177.64,89,89,0.00,0.00,0,0
1419359800,total,3795511.00,3795642.75,7591154.00,3803234,3803102,2505.99,2507.98,5013.97,2513,2511,0.00,0.00,0,0
1419359801,s3,0.00,0.00,0.00,0,0,0.00,0.00,0.00,0,0,0.00,0.00,0,0
1419359801,s1-eth1,1223820.38,27269.46,1251089.88,27324,1226268,413.17,413.17,826.35,414,414,0.00,0.00,0,0
1419359801,s1-eth3,22329.34,1002113.81,1024443.12,1004118,22374,338.32,338.32,676.65,339,339,0.00,0.00,0,0
1419359801,s1-eth2,4940.12,221706.59,226646.72,222150,4950,74.85,74.85,149.70,75,75,0.00,0.00,0,0
1419359801,s4,0.00,0.00,0.00,0,0,0.00,0.00,0.00,0,0,0.00,0.00,0,0
1419359801,s2-eth1,1002113.81,22329.34,1024443.12,22374,1004118,338.32,338.32,676.65,339,339,0.00,0.00,0,0
1419359801,s2-eth3,16483.52,739760.25,756243.75,740500,16500,249.75,249.75,499.50,250,250,0.00,0.00,0,0
1419359801,s2-eth2,5868.13,263354.66,269222.78,263618,5874,88.91,88.91,177.82,89,89,0.00,0.00,0,0
1419359801,s5,0.00,0.00,0.00,0,0,0.00,0.00,0.00,0,0,0.00,0.00,0,0
1419359801,s3-eth1,736801.25,16483.52,753284.75,16500,737538,248.75,249.75,498.50,250,249,0.00,0.00,0,0
1419359801,s3-eth3,11340.66,508955.06,520295.72,509464,11352,171.83,171.83,343.66,172,172,0.00,0.00,0,0
1419359801,s3-eth2,5076.92,227846.16,232923.08,228074,5082,76.92,76.92,153.85,77,77,0.00,0.00,0,0
1419359801,eth0,0.00,0.00,0.00,0,0,0.00,0.00,0.00,0,0,0.00,0.00,0,0
1419359801,lo,0.00,0.00,0.00,0,0,0.00,0.00,0.00,0,0,0.00,0.00,0,0
1419359801,s1,0.00,0.00,0.00,0,0,0.00,0.00,0.00,0,0,0.00,0.00,0,0
1419359801,s4-eth1,508955.06,11406.59,520361.66,11418,509464,171.83,172.83,344.66,173,172,0.00,0.00,0,0
1419359801,s4-eth3,6065.93,272231.78,278297.72,272504,6072,91.91,91.91,183.82,92,92,0.00,0.00,0,0
1419359801,s4-eth2,5274.73,239682.33,244957.05,239922,5280,79.92,80.92,160.84,81,80,0.00,0.00,0,0
1419359801,s2,0.00,0.00,0.00,0,0,0.00,0.00,0.00,0,0,0.00,0.00,0,0
1419359801,s5-eth1,272231.78,6065.93,278297.72,6072,272504,91.91,91.91,183.82,92,92,0.00,0.00,0,0
1419359801,s5-eth2,6131.87,272231.78,278363.66,272504,6138,92.91,91.91,184.82,92,93,0.00,0.00,0,0
1419359801,total,3829684.50,3832709.50,7662394.00,3836542,3833514,2530.47,2532.47,5062.94,2535,2533,0.00,0.00,0,0
1419359802,s3,0.00,0.00,0.00,0,0,0.00,0.00,0.00,0,0,0.00,0.00,0,0
1419359802,s1-eth1,1225043.00,27230.77,1252273.75,27258,1226268,413.59,412.59,826.17,413,414,0.00,0.00,0,0
1419359802,s1-eth3,22351.65,1017910.12,1040261.75,1018928,22374,338.66,343.66,682.32,344,339,0.00,0.00,0,0
1419359802,s1-eth2,4945.06,224887.12,229832.17,225112,4950,74.93,75.92,150.85,76,75,0.00,0.00,0,0
1419359802,s4,0.00,0.00,0.00,0,0,0.00,0.00,0.00,0,0,0.00,0.00,0,0
1419359802,s2-eth1,1017910.12,22351.65,1040261.75,22374,1018928,343.66,338.66,682.32,339,344,0.00,0.00,0,0
1419359802,s2-eth3,16879.12,775268.75,792147.88,776044,16896,255.74,261.74,517.48,262,256,0.00,0.00,0,0
1419359802,s2-eth2,5406.59,245600.41,251007.00,245846,5412,81.92,82.92,164.84,83,82,0.00,0.00,0,0
1419359802,s5,0.00,0.00,0.00,0,0,0.00,0.00,0.00,0,0,0.00,0.00,0,0
1419359802,s3-eth1,775268.75,16879.12,792147.88,16896,776044,261.74,255.74,517.48,256,262,0.00,0.00,0,0
1419359802,s3-eth3,11802.20,541504.50,553306.69,542046,11814,178.82,182.82,361.64,183,179,0.00,0.00,0,0
1419359802,s3-eth2,5142.86,236723.28,241866.14,236960,5148,77.92,79.92,157.84,80,78,0.00,0.00,0,0
1419359802,eth0,0.00,0.00,0.00,0,0,0.00,0.00,0.00,0,0,0.00,0.00,0,0
1419359802,lo,859.14,859.14,1718.28,860,860,14.99,14.99,29.97,15,15,0.00,0.00,0,0
1419359802,s1,0.00,0.00,0.00,0,0,0.00,0.00,0.00,0,0,0.00,0.00,0,0
1419359802,s4-eth1,541504.50,11736.26,553240.75,11748,542046,182.82,177.82,360.64,178,183,0.00,0.00,0,0
1419359802,s4-eth3,6000.00,275190.81,281190.81,275466,6006,90.91,92.91,183.82,93,91,0.00,0.00,0,0
1419359802,s4-eth2,5802.20,266313.69,272115.91,266580,5808,87.91,89.91,177.82,90,88,0.00,0.00,0,0
1419359802,s2,0.00,0.00,0.00,0,0,0.00,0.00,0.00,0,0,0.00,0.00,0,0
1419359802,s5-eth1,275190.81,6000.00,281190.81,6006,275466,92.91,90.91,183.82,91,93,0.00,0.00,0,0
1419359802,s5-eth2,6000.00,275190.81,281190.81,275466,6006,90.91,92.91,183.82,93,91,0.00,0.00,0,0
1419359802,total,3920106.00,3943646.50,7863752.50,3947590,3924026,2587.41,2593.41,5180.82,2596,2590,0.00,0.00,0,0
1419359803,s3,0.00,0.00,0.00,0,0,0.00,0.00,0.00,0,0,0.00,0.00,0,0
1419359803,s1-eth1,1213740.75,27044.87,1240785.62,27126,1217382,409.77,409.77,819.54,411,411,0.00,0.00,0,0
1419359803,s1-eth3,22043.87,1030646.06,1052689.88,1033738,22110,334.00,347.96,681.95,349,335,0.00,0.00,0,0
1419359803,s1-eth2,5005.99,233530.94,238536.94,233998,5016,75.85,78.84,154.69,79,76,0.00,0.00,0,0
1419359803,s4,0.00,0.00,0.00,0,0,0.00,0.00,0.00,0,0,0.00,0.00,0,0
1419359803,s2-eth1,1031674.69,22065.87,1053740.50,22110,1033738,348.30,334.33,682.63,335,349,0.00,0.00,0,0
1419359803,s2-eth3,16994.01,795187.62,812181.69,796778,17028,257.49,268.46,525.95,269,258,0.00,0.00,0,0
1419359803,s2-eth2,5071.86,236487.03,241558.89,236960,5082,76.85,79.84,156.69,80,77,0.00,0.00,0,0
1419359803,s5,0.00,0.00,0.00,0,0,0.00,0.00,0.00,0,0,0.00,0.00,0,0
1419359803,s3-eth1,795187.62,16994.01,812181.69,17028,796778,268.46,257.49,525.95,258,269,0.00,0.00,0,0
1419359803,s3-eth3,11461.08,535051.94,546513.00,536122,11484,173.65,180.64,354.29,181,174,0.00,0.00,0,0
1419359803,s3-eth2,5532.93,257179.64,262712.59,257694,5544,83.83,86.83,170.66,87,84,0.00,0.00,0,0
1419359803,eth0,0.00,0.00,0.00,0,0,0.00,0.00,0.00,0,0,0.00,0.00,0,0
1419359803,lo,0.00,0.00,0.00,0,0,0.00,0.00,0.00,0,0,0.00,0.00,0,0
1419359803,s1,0.00,0.00,0.00,0,0,0.00,0.00,0.00,0,0,0.00,0.00,0,0
1419359803,s4-eth1,535051.94,11461.08,546513.00,11484,536122,180.64,173.65,354.29,174,181,0.00,0.00,0,0
1419359803,s4-eth3,5401.20,251267.47,256668.67,251770,5412,81.84,84.83,166.67,85,82,0.00,0.00,0,0
1419359803,s4-eth2,5994.01,280828.34,286822.38,281390,6006,90.82,94.81,185.63,95,91,0.00,0.00,0,0
1419359803,s2,0.00,0.00,0.00,0,0,0.00,0.00,0.00,0,0,0.00,0.00,0,0
1419359803,s5-eth1,251267.47,5401.20,256668.67,5412,251770,84.83,81.84,166.67,82,85,0.00,0.00,0,0
1419359803,s5-eth2,5401.20,251267.47,256668.67,251770,5412,81.84,84.83,166.67,85,82,0.00,0.00,0,0
1419359803,total,3911062.00,3955469.25,7866531.00,3963380,3918884,2548.90,2564.87,5113.77,2570,2554,0.00,0.00,0,0
1419359804,s3,0.00,0.00,0.00,0,0,0.00,0.00,0.00,0,0,0.00,0.00,0,0
1419359804,s1-eth1,1222084.00,27230.77,1249314.75,27258,1223306,412.59,412.59,825.17,413,413,0.00,0.00,0,0
1419359804,s1-eth3,22417.58,1085968.00,1108385.62,1087054,22440,339.66,366.63,706.29,367,340,0.00,0.00,0,0
1419359804,s1-eth2,4813.19,230805.20,235618.39,231036,4818,72.93,77.92,150.85,78,73,0.00,0.00,0,0
1419359804,s4,0.00,0.00,0.00,0,0,0.00,0.00,0.00,0,0,0.00,0.00,0,0
1419359804,s2-eth1,1085968.00,22417.58,1108385.62,22440,1087054,366.63,339.66,706.29,340,367,0.00,0.00,0,0
1419359804,s2-eth3,16796.41,812924.19,829720.56,814550,16830,254.49,274.45,528.94,275,255,0.00,0.00,0,0
1419359804,s2-eth2,5598.80,271960.09,277558.88,272504,5610,84.83,91.82,176.65,92,85,0.00,0.00,0,0
1419359804,s5,0.00,0.00,0.00,0,0,0.00,0.00,0.00,0,0,0.00,0.00,0,0
1419359804,s3-eth1,812924.19,16862.28,829786.44,16896,814550,274.45,255.49,529.94,256,275,0.00,0.00,0,0
1419359804,s3-eth3,11461.08,558700.62,570161.69,559818,11484,173.65,188.62,362.28,189,174,0.00,0.00,0,0
1419359804,s3-eth2,5335.33,257179.64,262514.97,257694,5346,80.84,86.83,167.66,87,81,0.00,0.00,0,0
1419359804,eth0,0.00,0.00,0.00,0,0,0.00,0.00,0.00,0,0,0.00,0.00,0,0
1419359804,lo,0.00,0.00,0.00,0,0,0.00,0.00,0.00,0,0,0.00,0.00,0,0
1419359804,s1,0.00,0.00,0.00,0,0,0.00,0.00,0.00,0,0,0.00,0.00,0,0
1419359804,s4-eth1,559258.75,11472.53,570731.31,11484,559818,188.81,173.83,362.64,174,189,0.00,0.00,0,0
1419359804,s4-eth3,5802.20,281108.91,286911.09,281390,5808,87.91,94.91,182.82,95,88,0.00,0.00,0,0
1419359804,s4-eth2,5736.26,278149.84,283886.12,278428,5742,86.91,93.91,180.82,94,87,0.00,0.00,0,0
1419359804,s2,0.00,0.00,0.00,0,0,0.00,0.00,0.00,0,0,0.00,0.00,0,0
1419359804,s5-eth1,281108.91,5802.20,286911.09,5808,281390,94.91,87.91,182.82,88,95,0.00,0.00,0,0
1419359804,s5-eth2,5802.20,281108.91,286911.09,281390,5808,87.91,94.91,182.82,95,88,0.00,0.00,0,0
1419359804,total,4045958.25,4143606.50,8189564.50,4147750,4050004,2607.39,2640.36,5247.75,2643,2610,0.00,0.00,0,0
1419359805,s3,0.00,0.00,0.00,0,0,0.00,0.00,0.00,0,0,0.00,0.00,0,0
1419359805,s1-eth1,1210247.75,26967.03,1237214.88,26994,1211458,408.59,408.59,817.18,409,409,0.00,0.00,0,0
1419359805,s1-eth3,22285.71,1118517.50,1140803.25,1119636,22308,337.66,377.62,715.28,378,338,0.00,0.00,0,0
1419359805,s1-eth2,4681.32,233764.23,238445.56,233998,4686,70.93,78.92,149.85,79,71,0.00,0.00,0,0
1419359805,s4,0.00,0.00,0.00,0,0,0.00,0.00,0.00,0,0,0.00,0.00,0,0
1419359805,s2-eth1,1117401.25,22263.47,1139664.75,22308,1119636,377.25,337.33,714.57,338,378,0.00,0.00,0,0
1419359805,s2-eth3,17257.49,866133.75,883391.25,867866,17292,261.48,292.42,553.89,293,262,0.00,0.00,0,0
1419359805,s2-eth2,5005.99,251267.47,256273.45,251770,5016,75.85,84.83,160.68,85,76,0.00,0.00,0,0
1419359805,s5,0.00,0.00,0.00,0,0,0.00,0.00,0.00,0,0,0.00,0.00,0,0
1419359805,s3-eth1,866133.75,17257.49,883391.25,17292,867866,292.42,261.48,553.89,262,293,0.00,0.00,0,0
1419359805,s3-eth3,12712.58,635558.88,648271.50,636830,12738,192.61,214.57,407.19,215,193,0.00,0.00,0,0
1419359805,s3-eth2,4544.91,230574.86,235119.77,231036,4554,68.86,77.84,146.71,78,69,0.00,0.00,0,0
1419359805,eth0,0.00,0.00,0.00,0,0,0.00,0.00,0.00,0,0,0.00,0.00,0,0
1419359805,lo,0.00,0.00,0.00,0,0,0.00,0.00,0.00,0,0,0.00,0.00,0,0
1419359805,s1,0.00,0.00,0.00,0,0,0.00,0.00,0.00,0,0,0.00,0.00,0,0
1419359805,s4-eth1,635558.88,12712.58,648271.50,12738,636830,214.57,192.61,407.19,193,215,0.00,0.00,0,0
1419359805,s4-eth3,5994.01,298564.88,304558.88,299162,6006,90.82,100.80,191.62,101,91,0.00,0.00,0,0
1419359805,s4-eth2,6718.56,336994.03,343712.59,337668,6732,101.80,113.77,215.57,114,102,0.00,0.00,0,0
1419359805,s2,0.00,0.00,0.00,0,0,0.00,0.00,0.00,0,0,0.00,0.00,0,0
1419359805,s5-eth1,298564.88,5994.01,304558.88,6006,299162,100.80,90.82,191.62,91,101,0.00,0.00,0,0
1419359805,s5-eth2,5994.01,298564.88,304558.88,299162,6006,90.82,100.80,191.62,101,91,0.00,0.00,0,0
1419359805,total,4211866.50,4353758.50,8565625.00,4362466,4220290,2683.63,2731.54,5415.17,2737,2689,0.00,0.00,0,0
1419359806,s3,0.00,0.00,0.00,0,0,0.00,0.00,0.00,0,0,0.00,0.00,0,0
1419359806,s1-eth1,1222375.25,29604.79,1251980.12,29664,1224820,413.17,413.17,826.35,414,414,0.00,0.00,0,0
1419359806,s1-eth3,25487.03,1079247.50,1104734.50,1081406,25538,358.28,434.13,792.42,435,359,0.00,0.00,0,0
1419359806,s1-eth2,4117.76,190770.47,194888.23,191152,4126,54.89,87.82,142.71,88,55,0.00,0.00,0,0
1419359806,s4,0.00,0.00,0.00,0,0,0.00,0.00,0.00,0,0,0.00,0.00,0,0
1419359806,s2-eth1,1080325.75,25512.49,1105838.25,25538,1081406,434.57,358.64,793.21,359,435,0.00,0.00,0,0
1419359806,s2-eth3,19470.53,843598.44,863068.94,844442,19490,274.73,332.67,607.39,333,275,0.00,0.00,0,0
1419359806,s2-eth2,6029.97,236727.28,242757.25,236964,6036,83.92,101.90,185.81,102,84,0.00,0.00,0,0
1419359806,s5,0.00,0.00,0.00,0,0,0.00,0.00,0.00,0,0,0.00,0.00,0,0
1419359806,s3-eth1,843598.44,19404.60,863003.00,19424,844442,332.67,273.73,606.39,274,333,0.00,0.00,0,0
1419359806,s3-eth3,13896.10,554927.06,568823.19,555482,13910,190.81,232.77,423.58,233,191,0.00,0.00,0,0
1419359806,s3-eth2,5574.43,285712.28,291286.72,285998,5580,83.92,98.90,182.82,99,84,0.00,0.00,0,0
1419359806,eth0,0.00,0.00,0.00,0,0,0.00,0.00,0.00,0,0,0.00,0.00,0,0
1419359806,lo,0.00,0.00,0.00,0,0,0.00,0.00,0.00,0,0,0.00,0.00,0,0
1419359806,s1,0.00,0.00,0.00,0,0,0.00,0.00,0.00,0,0,0.00,0.00,0,0
1419359806,s4-eth1,554927.06,13896.10,568823.19,13910,555482,232.77,190.81,423.58,191,233,0.00,0.00,0,0
1419359806,s4-eth3,6497.50,248893.11,255390.61,249142,6504,89.91,110.89,200.80,111,90,0.00,0.00,0,0
1419359806,s4-eth2,7304.70,307546.47,314851.16,307854,7312,99.90,122.88,222.78,123,100,0.00,0.00,0,0
1419359806,s2,0.00,0.00,0.00,0,0,0.00,0.00,0.00,0,0,0.00,0.00,0,0
1419359806,s5-eth1,248893.11,6497.50,255390.61,6504,249142,110.89,89.91,200.80,90,111,0.00,0.00,0,0
1419359806,s5-eth2,6497.50,248893.11,255390.61,249142,6504,89.91,110.89,200.80,111,90,0.00,0.00,0,0
1419359806,total,4046245.75,4092529.50,8138775.50,4096622,4050292,2851.15,2960.04,5811.19,2963,2854,0.00,0.00,0,0
1419359807,s3,0.00,0.00,0.00,0,0,0.00,0.00,0.00,0,0,0.00,0.00,0,0
1419359807,s1-eth1,1235173.62,66720.56,1301894.25,66854,1237644,716.57,715.57,1432.14,717,718,0.00,0.00,0,0
1419359807,s1-eth3,60904.19,1207922.25,1268826.38,1210338,61026,653.69,763.47,1417.17,765,655,0.00,0.00,0,0
1419359807,s1-eth2,5722.56,178752.50,184475.06,179110,5734,60.88,102.79,163.67,103,61,0.00,0.00,0,0
1419359807,s4,0.00,0.00,0.00,0,0,0.00,0.00,0.00,0,0,0.00,0.00,0,0
1419359807,s2-eth1,1207922.25,60904.19,1268826.38,61026,1210338,763.47,653.69,1417.17,655,765,0.00,0.00,0,0
1419359807,s2-eth3,46540.92,904544.94,951085.88,906354,46634,498.00,567.86,1065.87,569,499,0.00,0.00,0,0
1419359807,s2-eth2,14361.64,309796.22,324157.84,310106,14376,155.84,200.80,356.64,201,156,0.00,0.00,0,0
1419359807,s5,0.00,0.00,0.00,0,0,0.00,0.00,0.00,0,0,0.00,0.00,0,0
1419359807,s3-eth1,905448.56,46587.41,952036.00,46634,906354,568.43,498.50,1066.93,499,569,0.00,0.00,0,0
1419359807,s3-eth3,31478.52,583358.69,614837.19,583942,31510,336.66,378.62,715.28,379,337,0.00,0.00,0,0
1419359807,s3-eth2,15108.89,322089.91,337198.81,322412,15124,161.84,189.81,351.65,190,162,0.00,0.00,0,0
1419359807,eth0,0.00,0.00,0.00,0,0,0.00,0.00,0.00,0,0,0.00,0.00,0,0
1419359807,lo,859.14,859.14,1718.28,860,860,14.99,14.99,29.97,15,15,0.00,0.00,0,0
1419359807,s1,0.00,0.00,0.00,0,0,0.00,0.00,0.00,0,0,0.00,0.00,0,0
1419359807,s4-eth1,583358.69,31478.52,614837.19,31510,583942,378.62,336.66,715.28,337,379,0.00,0.00,0,0
1419359807,s4-eth3,12909.09,246337.67,259246.77,246584,12922,138.86,159.84,298.70,160,139,0.00,0.00,0,0
1419359807,s4-eth2,18663.34,337021.00,355684.31,337358,18682,198.80,218.78,417.58,219,199,0.00,0.00,0,0
1419359807,s2,0.00,0.00,0.00,0,0,0.00,0.00,0.00,0,0,0.00,0.00,0,0
1419359807,s5-eth1,246337.67,12909.09,259246.77,12922,246584,159.84,138.86,298.70,139,160,0.00,0.00,0,0
1419359807,s5-eth2,12909.09,246337.67,259246.77,246584,12922,138.86,159.84,298.70,160,139,0.00,0.00,0,0
1419359807,total,4400252.00,4558036.00,8958288.00,4562594,4404652,4948.05,5102.90,10050.95,5108,4953,0.00,0.00,0,0
1419359808,s3,0.00,0.00,0.00,0,0,0.00,0.00,0.00,0,0,0.00,0.00,0,0
1419359808,s1-eth1,1240730.00,49672.00,1290402.00,49672,1240730,677.00,632.00,1309.00,632,677,0.00,0.00,0,0
1419359808,s1-eth3,48008.00,1137436.00,1185444.00,1137436,48008,614.00,538.00,1152.00,538,614,0.00,0.00,0,0
1419359808,s1-eth2,1692.00,46934.00,48626.00,46934,1692,18.00,31.00,49.00,31,18,0.00,0.00,0,0
1419359808,s4,0.00,0.00,0.00,0,0,0.00,0.00,0.00,0,0,0.00,0.00,0,0
1419359808,s2-eth1,1137436.00,48008.00,1185444.00,48008,1137436,538.00,614.00,1152.00,614,538,0.00,0.00,0,0
1419359808,s2-eth3,33540.00,807132.00,840672.00,807132,33540,430.00,382.00,812.00,382,430,0.00,0.00,0,0
1419359808,s2-eth2,14562.00,327144.00,341706.00,327144,14562,185.00,152.00,337.00,152,185,0.00,0.00,0,0
1419359808,s5,0.00,0.00,0.00,0,0,0.00,0.00,0.00,0,0,0.00,0.00,0,0
1419359808,s3-eth1,807132.00,33540.00,840672.00,33540,807132,382.00,430.00,812.00,430,382,0.00,0.00,0,0
1419359808,s3-eth3,20650.00,523626.00,544276.00,523626,20650,271.00,233.00,504.00,233,271,0.00,0.00,0,0
1419359808,s3-eth2,12824.00,286468.00,299292.00,286468,12824,158.00,150.00,308.00,150,158,0.00,0.00,0,0
1419359808,eth0,0.00,0.00,0.00,0,0,0.00,0.00,0.00,0,0,0.00,0.00,0,0
1419359808,lo,0.00,0.00,0.00,0,0,0.00,0.00,0.00,0,0,0.00,0.00,0,0
1419359808,s1,0.00,0.00,0.00,0,0,0.00,0.00,0.00,0,0,0.00,0.00,0,0
1419359808,s4-eth1,526061.94,20695.30,546757.25,20716,526588,233.77,271.73,505.49,272,234,0.00,0.00,0,0
1419359808,s4-eth3,9154.85,245802.20,254957.05,246048,9164,125.87,107.89,233.77,108,126,0.00,0.00,0,0
1419359808,s4-eth2,11474.53,284665.34,296139.88,284950,11486,144.86,126.87,271.73,127,145,0.00,0.00,0,0
1419359808,s2,0.00,0.00,0.00,0,0,0.00,0.00,0.00,0,0,0.00,0.00,0,0
1419359808,s5-eth1,245802.20,9154.85,254957.05,9164,246048,107.89,125.87,233.77,126,108,0.00,0.00,0,0
1419359808,s5-eth2,9154.85,245802.20,254957.05,246048,9164,125.87,107.89,233.77,108,126,0.00,0.00,0,0
1419359808,total,4114909.25,4062823.25,8177732.50,4066886,4119024,4007.99,3899.10,7907.09,3903,4012,0.00,0.00,0,0
1419359809,s3,0.00,0.00,0.00,0,0,0.00,0.00,0.00,0,0,0.00,0.00,0,0
1419359809,s1-eth1,1226889.12,28391.61,1255280.75,28420,1228116,441.56,425.57,867.13,426,442,0.00,0.00,0,0
1419359809,s1-eth3,20967.03,976483.56,997450.56,977460,20988,317.68,329.67,647.35,330,318,0.00,0.00,0,0
1419359809,s1-eth2,7490.51,362387.62,369878.12,362750,7498,108.89,142.86,251.75,143,109,0.00,0.00,0,0
1419359809,s4,0.00,0.00,0.00,0,0,0.00,0.00,0.00,0,0,0.00,0.00,0,0
1419359809,s2-eth1,976483.56,20967.03,997450.56,20988,977460,329.67,317.68,647.35,318,330,0.00,0.00,0,0
1419359809,s2-eth3,14637.36,680579.44,695216.81,681260,14652,221.78,229.77,451.55,230,222,0.00,0.00,0,0
1419359809,s2-eth2,6263.74,289986.03,296249.75,290276,6270,94.91,97.90,192.81,98,95,0.00,0.00,0,0
1419359809,s5,0.00,0.00,0.00,0,0,0.00,0.00,0.00,0,0,0.00,0.00,0,0
1419359809,s3-eth1,680579.44,14637.36,695216.81,14652,681260,229.77,221.78,451.55,222,230,0.00,0.00,0,0
1419359809,s3-eth3,10021.98,461610.41,471632.38,462072,10032,151.85,155.84,307.69,156,152,0.00,0.00,0,0
1419359809,s3-eth2,4681.32,216010.00,220691.31,216226,4686,70.93,72.93,143.86,73,71,0.00,0.00,0,0
1419359809,eth0,0.00,0.00,0.00,0,0,0.00,0.00,0.00,0,0,0.00,0.00,0,0
1419359809,lo,0.00,0.00,0.00,0,0,0.00,0.00,0.00,0,0,0.00,0.00,0,0
1419359809,s1,0.00,0.00,0.00,0,0,0.00,0.00,0.00,0,0,0.00,0.00,0,0
1419359809,s4-eth1,459110.00,9966.00,469076.00,9966,459110,155.00,151.00,306.00,151,155,0.00,0.00,0,0
1419359809,s4-eth3,4356.00,198454.00,202810.00,198454,4356,66.00,67.00,133.00,67,66,0.00,0.00,0,0
1419359809,s4-eth2,5610.00,257694.00,263304.00,257694,5610,85.00,87.00,172.00,87,85,0.00,0.00,0,0
1419359809,s2,0.00,0.00,0.00,0,0,0.00,0.00,0.00,0,0,0.00,0.00,0,0
1419359809,s5-eth1,198454.00,4356.00,202810.00,4356,198454,67.00,66.00,133.00,66,67,0.00,0.00,0,0
1419359809,s5-eth2,4356.00,198454.00,202810.00,198454,4356,66.00,67.00,133.00,67,66,0.00,0.00,0,0
1419359809,total,3622848.00,3723028.00,7345876.00,3723028,3622848,2408.00,2434.00,4842.00,2434,2408,0.00,0.00,0,0
1419359810,s3,0.00,0.00,0.00,0,0,0.00,0.00,0.00,0,0,0.00,0.00,0,0
1419359810,s1-eth1,1223306.00,27258.00,1250564.00,27258,1223306,413.00,413.00,826.00,413,413,0.00,0.00,0,0
1419359810,s1-eth3,20394.00,912296.00,932690.00,912296,20394,309.00,308.00,617.00,308,309,0.00,0.00,0,0
1419359810,s1-eth2,6864.00,322858.00,329722.00,322858,6864,104.00,109.00,213.00,109,104,0.00,0.00,0,0
1419359810,s4,0.00,0.00,0.00,0,0,0.00,0.00,0.00,0,0,0.00,0.00,0,0
1419359810,s2-eth1,912296.00,20394.00,932690.00,20394,912296,308.00,309.00,617.00,309,308,0.00,0.00,0,0
1419359810,s2-eth3,14520.00,651640.00,666160.00,651640,14520,220.00,220.00,440.00,220,220,0.00,0.00,0,0
1419359810,s2-eth2,5874.00,263618.00,269492.00,263618,5874,89.00,89.00,178.00,89,89,0.00,0.00,0,0
1419359810,s5,0.00,0.00,0.00,0,0,0.00,0.00,0.00,0,0,0.00,0.00,0,0
1419359810,s3-eth1,651640.00,14520.00,666160.00,14520,651640,220.00,220.00,440.00,220,220,0.00,0.00,0,0
1419359810,s3-eth3,9900.00,444300.00,454200.00,444300,9900,150.00,150.00,300.00,150,150,0.00,0.00,0,0
1419359810,s3-eth2,4620.00,207340.00,211960.00,207340,4620,70.00,70.00,140.00,70,70,0.00,0.00,0,0
1419359810,eth0,0.00,0.00,0.00,0,0,0.00,0.00,0.00,0,0,0.00,0.00,0,0
1419359810,lo,0.00,0.00,0.00,0,0,0.00,0.00,0.00,0,0,0.00,0.00,0,0
1419359810,s1,0.00,0.00,0.00,0,0,0.00,0.00,0.00,0,0,0.00,0.00,0,0
1419359810,s4-eth1,444300.00,9900.00,454200.00,9900,444300,150.00,150.00,300.00,150,150,0.00,0.00,0,0
1419359810,s4-eth3,4752.00,207340.00,212092.00,207340,4752,72.00,70.00,142.00,70,72,0.00,0.00,0,0
1419359810,s4-eth2,5214.00,233998.00,239212.00,233998,5214,79.00,79.00,158.00,79,79,0.00,0.00,0,0
1419359810,s2,0.00,0.00,0.00,0,0,0.00,0.00,0.00,0,0,0.00,0.00,0,0
1419359810,s5-eth1,207340.00,4752.00,212092.00,4752,207340,70.00,72.00,142.00,72,70,0.00,0.00,0,0
1419359810,s5-eth2,4686.00,210302.00,214988.00,210302,4686,71.00,71.00,142.00,71,71,0.00,0.00,0,0
1419359810,total,3515706.00,3530516.00,7046222.00,3530516,3515706,2325.00,2330.00,4655.00,2330,2325,0.00,0.00,0,0
1419359811,s3,0.00,0.00,0.00,0,0,0.00,0.00,0.00,0,0,0.00,0.00,0,0
1419359811,s1-eth1,1223438.00,27258.00,1250696.00,27258,1223438,415.00,413.00,828.00,413,415,0.00,0.00,0,0
1419359811,s1-eth3,18942.00,856150.00,875092.00,856150,18942,287.00,291.00,578.00,291,287,0.00,0.00,0,0
1419359811,s1-eth2,8250.00,388022.00,396272.00,388022,8250,125.00,131.00,256.00,131,125,0.00,0.00,0,0
1419359811,s4,0.00,0.00,0.00,0,0,0.00,0.00,0.00,0,0,0.00,0.00,0,0
1419359811,s2-eth1,856150.00,18942.00,875092.00,18942,856150,291.00,287.00,578.00,287,291,0.00,0.00,0,0
1419359811,s2-eth3,13516.48,606669.38,620185.81,607276,13530,204.80,205.79,410.59,206,205,0.00,0.00,0,0
1419359811,s2-eth2,5472.53,245666.34,251138.88,245912,5478,82.92,83.92,166.83,84,83,0.00,0.00,0,0
1419359811,s5,0.00,0.00,0.00,0,0,0.00,0.00,0.00,0,0,0.00,0.00,0,0
1419359811,s3-eth1,606669.38,13516.48,620185.81,13530,607276,205.79,204.80,410.59,205,206,0.00,0.00,0,0
1419359811,s3-eth3,9296.70,417290.72,426587.44,417708,9306,140.86,141.86,282.72,142,141,0.00,0.00,0,0
1419359811,s3-eth2,4219.78,189378.62,193598.41,189568,4224,63.94,63.94,127.87,64,64,0.00,0.00,0,0
1419359811,eth0,0.00,0.00,0.00,0,0,0.00,0.00,0.00,0,0,0.00,0.00,0,0
1419359811,lo,0.00,0.00,0.00,0,0,0.00,0.00,0.00,0,0,0.00,0.00,0,0
1419359811,s1,0.00,0.00,0.00,0,0,0.00,0.00,0.00,0,0,0.00,0.00,0,0
1419359811,s4-eth1,417290.72,9296.70,426587.44,9306,417708,141.86,140.86,282.72,141,14