1419358743,s3,0.00,0.00,0.00,0,0,0.00,0.00,0.00,0,0,0.00,0.00,0,0
1419358743,s1-eth1,0.00,0.00,0.00,0,0,0.00,0.00,0.00,0,0,0.00,0.00,0,0
1419358743,s1-eth3,0.00,0.00,0.00,0,0,0.00,0.00,0.00,0,0,0.00,0.00,0,0
1419358743,s1-eth2,0.00,0.00,0.00,0,0,0.00,0.00,0.00,0,0,0.00,0.00,0,0
1419358743,s2-eth1,0.00,0.00,0.00,0,0,0.00,0.00,0.00,0,0,0.00,0.00,0,0
1419358743,s4,0.00,0.00,0.00,0,0,0.00,0.00,0.00,0,0,0.00,0.00,0,0
1419358743,s2-eth3,0.00,0.00,0.00,0,0,0.00,0.00,0.00,0,0,0.00,0.00,0,0
1419358743,s2-eth2,0.00,0.00,0.00,0,0,0.00,0.00,0.00,0,0,0.00,0.00,0,0
1419358743,s3-eth1,0.00,0.00,0.00,0,0,0.00,0.00,0.00,0,0,0.00,0.00,0,0
1419358743,s5,0.00,0.00,0.00,0,0,0.00,0.00,0.00,0,0,0.00,0.00,0,0
1419358743,s3-eth2,0.00,0.00,0.00,0,0,0.00,0.00,0.00,0,0,0.00,0.00,0,0
1419358743,s3-eth3,0.00,0.00,0.00,0,0,0.00,0.00,0.00,0,0,0.00,0.00,0,0
1419358743,eth0,0.00,0.00,0.00,0,0,0.00,0.00,0.00,0,0,0.00,0.00,0,0
1419358743,lo,0.00,0.00,0.00,0,0,0.00,0.00,0.00,0,0,0.00,0.00,0,0
1419358743,s1,0.00,0.00,0.00,0,0,0.00,0.00,0.00,0,0,0.00,0.00,0,0
1419358743,s4-eth1,0.00,0.00,0.00,0,0,0.00,0.00,0.00,0,0,0.00,0.00,0,0
1419358743,s4-eth3,0.00,0.00,0.00,0,0,0.00,0.00,0.00,0,0,0.00,0.00,0,0
1419358743,s2,0.00,0.00,0.00,0,0,0.00,0.00,0.00,0,0,0.00,0.00,0,0
1419358743,s5-eth1,0.00,0.00,0.00,0,0,0.00,0.00,0.00,0,0,0.00,0.00,0,0
1419358743,total,0.00,0.00,0.00,0,0,0.00,0.00,0.00,0,0,0.00,0.00,0,0
1419358744,s3,0.00,0.00,0.00,0,0,0.00,0.00,0.00,0,0,0.00,0.00,0,0
1419358744,s1-eth1,1225043.00,27296.70,1252339.75,27324,1226268,413.59,413.59,827.17,414,414,0.00,0.00,0,0
1419358744,s1-eth3,17736.26,828531.50,846267.75,829360,17754,268.73,279.72,548.45,280,269,0.00,0.00,0,0
1419358744,s1-eth2,9560.44,449774.25,459334.69,450224,9570,144.86,151.85,296.70,152,145,0.00,0.00,0,0
1419358744,s2-eth1,828531.50,17736.26,846267.75,17754,829360,279.72,268.73,548.45,269,280,0.00,0.00,0,0
1419358744,s4,0.00,0.00,0.00,0,0,0.00,0.00,0.00,0,0,0.00,0.00,0,0
1419358744,s2-eth3,8835.17,411306.72,420141.88,411718,8844,133.87,138.86,272.73,139,134,0.00,0.00,0,0
1419358744,s2-eth2,8835.17,417224.78,426059.94,417642,8844,133.87,140.86,274.73,141,134,0.00,0.00,0,0
1419358744,s3-eth1,411306.72,8835.17,420141.88,8844,411718,138.86,133.87,272.73,134,139,0.00,0.00,0,0
1419358744,s5,0.00,0.00,0.00,0,0,0.00,0.00,0.00,0,0,0.00,0.00,0,0
1419358744,s3-eth2,8844.00,411718.00,420562.00,411718,8844,134.00,139.00,273.00,139,134,0.00,0.00,0,0
1419358744,s3-eth3,0.00,0.00,0.00,0,0,0.00,0.00,0.00,0,0,0.00,0.00,0,0
1419358744,eth0,0.00,0.00,0.00,0,0,0.00,0.00,0.00,0,0,0.00,0.00,0,0
1419358744,lo,0.00,0.00,0.00,0,0,0.00,0.00,0.00,0,0,0.00,0.00,0,0
1419358744,s1,0.00,0.00,0.00,0,0,0.00,0.00,0.00,0,0,0.00,0.00,0,0
1419358744,s4-eth1,0.00,0.00,0.00,0,0,0.00,0.00,0.00,0,0,0.00,0.00,0,0
1419358744,s4-eth3,0.00,0.00,0.00,0,0,0.00,0.00,0.00,0,0,0.00,0.00,0,0
1419358744,s2,0.00,0.00,0.00,0,0,0.00,0.00,0.00,0,0,0.00,0.00,0,0
1419358744,s5-eth1,0.00,0.00,0.00,0,0,0.00,0.00,0.00,0,0,0.00,0.00,0,0
1419358744,total,2521202.00,2574584.00,5095786.00,2574584,2521202,1649.00,1668.00,3317.00,1668,1649,0.00,0.00,0,0
1419358745,s3,0.00,0.00,0.00,0,0,0.00,0.00,0.00,0,0,0.00,0.00,0,0
1419358745,s1-eth1,1223306.00,27258.00,1250564.00,27258,1223306,413.00,413.00,826.00,413,413,0.00,0.00,0,0
1419358745,s1-eth3,17886.00,841208.00,859094.00,841208,17886,271.00,284.00,555.00,284,271,0.00,0.00,0,0
1419358745,s1-eth2,9372.00,438376.00,447748.00,438376,9372,142.00,148.00,290.00,148,142,0.00,0.00,0,0
1419358745,s2-eth1,841208.00,17886.00,859094.00,17886,841208,284.00,271.00,555.00,271,284,0.00,0.00,0,0
1419358745,s4,0.00,0.00,0.00,0,0,0.00,0.00,0.00,0,0,0.00,0.00,0,0
1419358745,s2-eth3,8910.00,417642.00,426552.00,417642,8910,135.00,141.00,276.00,141,135,0.00,0.00,0,0
1419358745,s2-eth2,8976.00,420604.00,429580.00,420604,8976,136.00,142.00,278.00,142,136,0.00,0.00,0,0
1419358745,s3-eth1,417642.00,8910.00,426552.00,8910,417642,141.00,135.00,276.00,135,141,0.00,0.00,0,0
1419358745,s5,0.00,0.00,0.00,0,0,0.00,0.00,0.00,0,0,0.00,0.00,0,0
1419358745,s3-eth2,8910.00,417642.00,426552.00,417642,8910,135.00,141.00,276.00,141,135,0.00,0.00,0,0
1419358745,s3-eth3,0.00,0.00,0.00,0,0,0.00,0.00,0.00,0,0,0.00,0.00,0,0
1419358745,eth0,0.00,0.00,0.00,0,0,0.00,0.00,0.00,0,0,0.00,0.00,0,0
1419358745,lo,0.00,0.00,0.00,0,0,0.00,0.00,0.00,0,0,0.00,0.00,0,0
1419358745,s1,0.00,0.00,0.00,0,0,0.00,0.00,0.00,0,0,0.00,0.00,0,0
1419358745,s4-eth1,0.00,0.00,0.00,0,0,0.00,0.00,0.00,0,0,0.00,0.00,0,0
1419358745,s4-eth3,0.00,0.00,0.00,0,0,0.00,0.00,0.00,0,0,0.00,0.00,0,0
1419358745,s2,0.00,0.00,0.00,0,0,0.00,0.00,0.00,0,0,0.00,0.00,0,0
1419358745,s5-eth1,0.00,0.00,0.00,0,0,0.00,0.00,0.00,0,0,0.00,0.00,0,0
1419358745,total,2536210.00,2589526.00,5125736.00,2589526,2536210,1657.00,1675.00,3332.00,1675,1657,0.00,0.00,0,0
1419358746,s3,0.00,140.00,140.00,140,0,0.00,2.00,2.00,2,0,0.00,0.00,0,0
1419358746,s1-eth1,1223446.00,27324.00,1250770.00,27324,1223446,415.00,414.00,829.00,414,415,0.00,0.00,0,0
1419358746,s1-eth3,17758.00,829430.00,847188.00,829430,17758,269.00,281.00,550.00,281,269,0.00,0.00,0,0
1419358746,s1-eth2,9640.00,450294.00,459934.00,450294,9640,146.00,153.00,299.00,153,146,0.00,0.00,0,0
1419358746,s2-eth1,829430.00,17758.00,847188.00,17758,829430,281.00,269.00,550.00,269,281,0.00,0.00,0,0
1419358746,s4,0.00,0.00,0.00,0,0,0.00,0.00,0.00,0,0,0.00,0.00,0,0
1419358746,s2-eth3,9050.00,414680.00,423730.00,414680,9050,137.00,140.00,277.00,140,137,0.00,0.00,0,0
1419358746,s2-eth2,8914.00,414750.00,423664.00,414750,8914,135.00,141.00,276.00,141,135,0.00,0.00,0,0
1419358746,s3-eth1,414680.00,9050.00,423730.00,9050,414680,140.00,137.00,277.00,137,140,0.00,0.00,0,0
1419358746,s5,0.00,0.00,0.00,0,0,0.00,0.00,0.00,0,0,0.00,0.00,0,0
1419358746,s3-eth2,8984.00,417642.00,426626.00,417642,8984,136.00,141.00,277.00,141,136,0.00,0.00,0,0
1419358746,s3-eth3,0.00,0.00,0.00,0,0,0.00,0.00,0.00,0,0,0.00,0.00,0,0
1419358746,eth0,60.00,60.00,120.00,60,60,1.00,1.00,2.00,1,1,0.00,0.00,0,0
1419358746,lo,1606.39,1606.39,3212.79,1608,1608,17.98,17.98,35.96,18,18,0.00,0.00,0,0
1419358746,s1,0.00,139.86,139.86,140,0,0.00,2.00,2.00,2,0,0.00,0.00,0,0
1419358746,s4-eth1,0.00,0.00,0.00,0,0,0.00,0.00,0.00,0,0,0.00,0.00,0,0
1419358746,s4-eth3,0.00,0.00,0.00,0,0,0.00,0.00,0.00,0,0,0.00,0.00,0,0
1419358746,s2,0.00,139.86,139.86,140,0,0.00,2.00,2.00,2,0,0.00,0.00,0,0
1419358746,s5-eth1,0.00,0.00,0.00,0,0,0.00,0.00,0.00,0,0,0.00,0.00,0,0
1419358746,total,2521049.00,2580435.75,5101484.50,2583016,2523570,1676.32,1699.30,3375.62,1701,1678,0.00,0.00,0,0
1419358747,s3,0.00,139.86,139.86,140,0,0.00,2.00,2.00,2,0,0.00,0.00,0,0
1419358747,s1-eth1,1222153.88,27300.70,1249454.62,27328,1223376,413.59,413.59,827.17,414,414,0.00,0.00,0,0
1419358747,s1-eth3,17956.04,834603.44,852559.44,835438,17974,272.73,284.72,557.44,285,273,0.00,0.00,0,0
1419358747,s1-eth2,9652.35,440981.03,450633.38,441422,9662,146.85,150.85,297.70,151,147,0.00,0.00,0,0
1419358747,s2-eth1,834603.44,17956.04,852559.44,17974,835438,284.72,272.73,557.44,273,285,0.00,0.00,0,0
1419358747,s4,0.00,0.00,0.00,0,0,0.00,0.00,0.00,0,0,0.00,0.00,0,0
1419358747,s2-eth3,9054.95,420337.69,429392.62,420758,9064,137.86,144.86,282.72,145,138,0.00,0.00,0,0
1419358747,s2-eth2,9124.88,414349.66,423474.53,414764,9134,138.86,141.86,280.72,142,139,0.00,0.00,0,0
1419358747,s3-eth1,420337.69,9054.95,429392.62,9064,420758,144.86,137.86,282.72,138,145,0.00,0.00,0,0
1419358747,s5,0.00,0.00,0.00,0,0,0.00,0.00,0.00,0,0,0.00,0.00,0,0
1419358747,s3-eth2,9120.88,417378.62,426499.50,417796,9130,138.86,143.86,282.72,144,139,0.00,0.00,0,0
1419358747,s3-eth3,0.00,0.00,0.00,0,0,0.00,0.00,0.00,0,0,0.00,0.00,0,0
1419358747,eth0,0.00,0.00,0.00,0,0,0.00,0.00,0.00,0,0,0.00,0.00,0,0
1419358747,lo,5882.12,5882.12,11764.24,5888,5888,61.94,61.94,123.88,62,62,0.00,0.00,0,0
1419358747,s1,0.00,139.86,139.86,140,0,0.00,2.00,2.00,2,0,0.00,0.00,0,0
1419358747,s4-eth1,0.00,0.00,0.00,0,0,0.00,0.00,0.00,0,0,0.00,0.00,0,0
1419358747,s4-eth3,0.00,0.00,0.00,0,0,0.00,0.00,0.00,0,0,0.00,0.00,0,0
1419358747,s2,0.00,139.86,139.86,140,0,0.00,2.00,2.00,2,0,0.00,0.00,0,0
1419358747,s5-eth1,0.00,0.00,0.00,0,0,0.00,0.00,0.00,0,0,0.00,0.00,0,0
1419358747,total,2535353.25,2585680.75,5121034.00,2590852,2540424,1738.52,1756.49,3495.01,1760,1742,0.00,0.00,0,0
1419358748,s3,0.00,0.00,0.00,0,0,0.00,0.00,0.00,0,0,0.00,0.00,0,0
1419358748,s1-eth1,1223820.38,27203.59,1251024.00,27258,1226268,413.17,412.18,825.35,413,414,0.00,0.00,0,0
1419358748,s1-eth3,17586.83,827704.62,845291.44,829360,17622,266.47,279.44,545.91,280,267,0.00,0.00,0,0
1419358748,s1-eth2,9682.63,455237.53,464920.19,456148,9702,146.71,153.69,300.40,154,147,0.00,0.00,0,0
1419358748,s2-eth1,827704.62,17586.83,845291.44,17622,829360,279.44,266.47,545.91,267,280,0.00,0.00,0,0
1419358748,s4,0.00,0.00,0.00,0,0,0.00,0.00,0.00,0,0,0.00,0.00,0,0
1419358748,s2-eth3,8225.32,386861.41,395086.75,388022,8250,124.63,130.61,255.23,131,125,0.00,0.00,0,0
1419358748,s2-eth2,9278.17,440017.94,449296.12,441338,9306,140.58,148.55,289.13,149,141,0.00,0.00,0,0
1419358748,s3-eth1,386861.41,8291.13,395152.53,8316,388022,130.61,125.62,256.23,126,131,0.00,0.00,0,0
1419358748,s5,0.00,0.00,0.00,0,0,0.00,0.00,0.00,0,0,0.00,0.00,0,0
1419358748,s3-eth2,8225.32,389814.56,398039.88,390984,8250,124.63,131.61,256.23,132,125,0.00,0.00,0,0
1419358748,s3-eth3,0.00,0.00,0.00,0,0,0.00,0.00,0.00,0,0,0.00,0.00,0,0
1419358748,eth0,0.00,0.00,0.00,0,0,0.00,0.00,0.00,0,0,0.00,0.00,0,0
1419358748,lo,0.00,0.00,0.00,0,0,0.00,0.00,0.00,0,0,0.00,0.00,0,0
1419358748,s1,0.00,0.00,0.00,0,0,0.00,0.00,0.00,0,0,0.00,0.00,0,0
1419358748,s4-eth1,0.00,0.00,0.00,0,0,0.00,0.00,0.00,0,0,0.00,0.00,0,0
1419358748,s4-eth3,0.00,0.00,0.00,0,0,0.00,0.00,0.00,0,0,0.00,0.00,0,0
1419358748,s2,0.00,0.00,0.00,0,0,0.00,0.00,0.00,0,0,0.00,0.00,0,0
1419358748,s5-eth1,0.00,0.00,0.00,0,0,0.00,0.00,0.00,0,0,0.00,0.00,0,0
1419358748,total,2491796.50,2553940.25,5045736.50,2559048,2496780,1626.75,1648.70,3275.45,1652,1630,0.00,0.00,0,0
1419358749,s3,0.00,0.00,0.00,0,0,0.00,0.00,0.00,0,0,0.00,0.00,0,0
1419358749,s1-eth1,1223820.38,27269.46,1251089.88,27324,1226268,413.17,413.17,826.35,414,414,0.00,0.00,0,0
1419358749,s1-eth3,18245.51,907519.00,925764.50,909334,18282,276.45,306.39,582.83,307,277,0.00,0.00,0,0
1419358749,s1-eth2,9023.95,446369.28,455393.22,447262,9042,136.73,150.70,287.43,151,137,0.00,0.00,0,0
1419358749,s2-eth1,907519.00,18245.51,925764.50,18282,909334,306.39,276.45,582.83,277,307,0.00,0.00,0,0
1419358749,s4,0.00,0.00,0.00,0,0,0.00,0.00,0.00,0,0,0.00,0.00,0,0
1419358749,s2-eth3,9494.51,476405.59,485900.12,476882,9504,143.86,160.84,304.70,161,144,0.00,0.00,0,0
1419358749,s2-eth2,8769.23,437938.06,446707.31,438376,8778,132.87,147.85,280.72,148,133,0.00,0.00,0,0
1419358749,s3-eth1,476405.59,9428.57,485834.19,9438,476882,160.84,142.86,303.70,143,161,0.00,0.00,0,0
1419358749,s5,0.00,0.00,0.00,0,0,0.00,0.00,0.00,0,0,0.00,0.00,0,0
1419358749,s3-eth2,9494.51,473446.56,482941.06,473920,9504,143.86,159.84,303.70,160,144,0.00,0.00,0,0
1419358749,s3-eth3,0.00,0.00,0.00,0,0,0.00,0.00,0.00,0,0,0.00,0.00,0,0
1419358749,eth0,0.00,0.00,0.00,0,0,0.00,0.00,0.00,0,0,0.00,0.00,0,0
1419358749,lo,0.00,0.00,0.00,0,0,0.00,0.00,0.00,0,0,0.00,0.00,0,0
1419358749,s1,0.00,0.00,0.00,0,0,0.00,0.00,0.00,0,0,0.00,0.00,0,0
1419358749,s4-eth1,0.00,0.00,0.00,0,0,0.00,0.00,0.00,0,0,0.00,0.00,0,0
1419358749,s4-eth3,0.00,0.00,0.00,0,0,0.00,0.00,0.00,0,0,0.00,0.00,0,0
1419358749,s2,0.00,0.00,0.00,0,0,0.00,0.00,0.00,0,0,0.00,0.00,0,0
1419358749,s5-eth1,0.00,0.00,0.00,0,0,0.00,0.00,0.00,0,0,0.00,0.00,0,0
1419358749,total,2664929.25,2798020.00,5462949.00,2800818,2667594,1715.28,1759.24,3474.53,1761,1717,0.00,0.00,0,0
1419358750,s3,0.00,139.86,139.86,140,0,0.00,2.00,2.00,2,0,0.00,0.00,0,0
1419358750,s1-eth1,1222879.12,36809.19,1259688.38,36846,1224102,446.55,446.55,893.11,447,447,0.00,0.00,0,0
1419358750,s1-eth3,24471.53,812441.56,836913.12,813254,24496,297.70,364.64,662.34,365,298,0.00,0.00,0,0
1419358750,s1-eth2,12383.62,408359.66,420743.28,408768,12396,149.85,181.82,331.67,182,150,0.00,0.00,0,0
1419358750,s2-eth1,812441.56,24471.53,836913.12,24496,813254,364.64,297.70,662.34,298,365,0.00,0.00,0,0
1419358750,s4,0.00,0.00,0.00,0,0,0.00,0.00,0.00,0,0,0.00,0.00,0,0
1419358750,s2-eth3,12747.25,412827.19,425574.44,413240,12760,155.84,183.82,339.66,184,156,0.00,0.00,0,0
1419358750,s2-eth2,11930.07,393696.31,405626.38,394090,11942,144.86,178.82,323.68,179,145,0.00,0.00,0,0
1419358750,s3-eth1,412827.19,12747.25,425574.44,12760,413240,183.82,155.84,339.66,156,184,0.00,0.00,0,0
1419358750,s5,0.00,0.00,0.00,0,0,0.00,0.00,0.00,0,0,0.00,0.00,0,0
1419358750,s3-eth2,12747.25,414339.66,427086.94,414754,12760,155.84,184.82,340.66,185,156,0.00,0.00,0,0
1419358750,s3-eth3,0.00,0.00,0.00,0,0,0.00,0.00,0.00,0,0,0.00,0.00,0,0
1419358750,eth0,0.00,0.00,0.00,0,0,0.00,0.00,0.00,0,0,0.00,0.00,0,0
1419358750,lo,1606.39,1606.39,3212.79,1608,1608,17.98,17.98,35.96,18,18,0.00,0.00,0,0
1419358750,s1,0.00,139.86,139.86,140,0,0.00,2.00,2.00,2,0,0.00,0.00,0,0
1419358750,s4-eth1,0.00,0.00,0.00,0,0,0.00,0.00,0.00,0,0,0.00,0.00,0,0
1419358750,s4-eth3,0.00,0.00,0.00,0,0,0.00,0.00,0.00,0,0,0.00,0.00,0,0
1419358750,s2,0.00,139.86,139.86,140,0,0.00,2.00,2.00,2,0,0.00,0.00,0,0
1419358750,s5-eth1,0.00,0.00,0.00,0,0,0.00,0.00,0.00,0,0,0.00,0.00,0,0
1419358750,total,2524034.00,2517718.25,5041752.50,2520236,2526558,1917.08,2017.98,3935.07,2020,1919,0.00,0.00,0,0
1419358751,s3,0.00,139.86,139.86,140,0,0.00,2.00,2.00,2,0,0.00,0.00,0,0
1419358751,s1-eth1,1243322.75,61824.18,1305146.88,61886,1244566,712.29,706.29,1418.58,707,713,0.00,0.00,0,0
1419358751,s1-eth3,50713.29,918599.44,969312.69,919518,50764,571.43,548.45,1119.88,549,572,0.00,0.00,0,0
1419358751,s1-eth2,11278.72,264281.72,275560.44,264546,11290,136.86,124.88,261.74,125,137,0.00,0.00,0,0
1419358751,s2-eth1,918599.44,50713.29,969312.69,50764,919518,548.45,571.43,1119.88,572,549,0.00,0.00,0,0
1419358751,s4,0.00,0.00,0.00,0,0,0.00,0.00,0.00,0,0,0.00,0.00,0,0
1419358751,s2-eth3,25506.49,443488.53,468995.03,443932,25532,287.71,275.72,563.44,276,288,0.00,0.00,0,0
1419358751,s2-eth2,25346.65,475110.91,500457.56,475586,25372,285.71,272.73,558.44,273,286,0.00,0.00,0,0
1419358751,s3-eth1,443488.53,25506.49,468995.03,25532,443932,275.72,287.71,563.44,288,276,0.00,0.00,0,0
1419358751,s5,0.00,0.00,0.00,0,0,0.00,0.00,0.00,0,0,0.00,0.00,0,0
1419358751,s3-eth2,25428.57,441976.03,467404.59,442418,25454,286.71,274.73,561.44,275,287,0.00,0.00,0,0
1419358751,s3-eth3,0.00,0.00,0.00,0,0,0.00,0.00,0.00,0,0,0.00,0.00,0,0
1419358751,eth0,0.00,0.00,0.00,0,0,0.00,0.00,0.00,0,0,0.00,0.00,0,0
1419358751,lo,1606.39,1606.39,3212.79,1608,1608,17.98,17.98,35.96,18,18,0.00,0.00,0,0
1419358751,s1,0.00,139.86,139.86,140,0,0.00,2.00,2.00,2,0,0.00,0.00,0,0
1419358751,s4-eth1,0.00,0.00,0.00,0,0,0.00,0.00,0.00,0,0,0.00,0.00,0,0
1419358751,s4-eth3,0.00,0.00,0.00,0,0,0.00,0.00,0.00,0,0,0.00,0.00,0,0
1419358751,s2,0.00,140.00,140.00,140,0,0.00,2.00,2.00,2,0,0.00,0.00,0,0
1419358751,s5-eth1,0.00,0.00,0.00,0,0,0.00,0.00,0.00,0,0,0.00,0.00,0,0
1419358751,total,2748036.00,2686210.00,5434246.00,2686210,2748036,3126.00,3089.00,6215.00,3089,3126,0.00,0.00,0,0
1419358752,s3,0.00,0.00,0.00,0,0,0.00,0.00,0.00,0,0,0.00,0.00,0,0
1419358752,s1-eth1,1227266.00,30634.00,1257900.00,30634,1227266,473.00,457.00,930.00,457,473,0.00,0.00,0,0
1419358752,s1-eth3,18820.00,697192.00,716012.00,697192,18820,278.00,252.00,530.00,252,278,0.00,0.00,0,0
1419358752,s1-eth2,11814.00,547970.00,559784.00,547970,11814,179.00,185.00,364.00,185,179,0.00,0.00,0,0
1419358752,s2-eth1,697192.00,18820.00,716012.00,18820,697192,252.00,278.00,530.00,278,252,0.00,0.00,0,0
1419358752,s4,0.00,0.00,0.00,0,0,0.00,0.00,0.00,0,0,0.00,0.00,0,0
1419358752,s2-eth3,9288.00,354652.00,363940.00,354652,9288,136.00,130.00,266.00,130,136,0.00,0.00,0,0
1419358752,s2-eth2,9532.00,342540.00,352072.00,342540,9532,142.00,122.00,264.00,122,142,0.00,0.00,0,0
1419358752,s3-eth1,354652.00,9288.00,363940.00,9288,354652,130.00,136.00,266.00,136,130,0.00,0.00,0,0
1419358752,s5,0.00,0.00,0.00,0,0,0.00,0.00,0.00,0,0,0.00,0.00,0,0
1419358752,s3-eth2,9356.64,354297.72,363654.34,354652,9366,136.86,129.87,266.73,130,137,0.00,0.00,0,0
1419358752,s3-eth3,0.00,0.00,0.00,0,0,0.00,0.00,0.00,0,0,0.00,0.00,0,0
1419358752,eth0,0.00,0.00,0.00,0,0,0.00,0.00,0.00,0,0,0.00,0.00,0,0
1419358752,lo,343.66,343.66,687.31,344,344,5.99,5.99,11.99,6,6,0.00,0.00,0,0
1419358752,s1,0.00,0.00,0.00,0,0,0.00,0.00,0.00,0,0,0.00,0.00,0,0
1419358752,s4-eth1,0.00,0.00,0.00,0,0,0.00,0.00,0.00,0,0,0.00,0.00,0,0
1419358752,s4-eth3,0.00,0.00,0.00,0,0,0.00,0.00,0.00,0,0,0.00,0.00,0,0
1419358752,s2,0.00,0.00,0.00,0,0,0.00,0.00,0.00,0,0,0.00,0.00,0,0
1419358752,s5-eth1,0.00,0.00,0.00,0,0,0.00,0.00,0.00,0,0,0.00,0.00,0,0
1419358752,total,2335938.25,2353738.25,4689676.50,2356092,2338274,1731.27,1694.31,3425.57,1696,1733,0.00,0.00,0,0
1419358753,s3,0.00,0.00,0.00,0,0,0.00,0.00,0.00,0,0,0.00,0.00,0,0
1419358753,s1-eth1,1216165.88,27098.90,1243264.75,27126,1217382,410.59,410.59,821.18,411,411,0.00,0.00,0,0
1419358753,s1-eth3,16219.78,736801.25,753021.00,737538,16236,245.75,248.75,494.51,249,246,0.00,0.00,0,0
1419358753,s1-eth2,10879.12,494159.84,505038.97,494654,10890,164.84,166.83,331.67,167,165,0.00,0.00,0,0
1419358753,s2-eth1,736801.25,16219.78,753021.00,16236,737538,248.75,245.75,494.51,246,249,0.00,0.00,0,0
1419358753,s4,0.00,0.00,0.00,0,0,0.00,0.00,0.00,0,0,0.00,0.00,0,0
1419358753,s2-eth3,7978.02,363962.06,371940.06,364326,7986,120.88,122.88,243.76,123,121,0.00,0.00,0,0
1419358753,s2-eth2,8184.00,373212.00,381396.00,373212,8184,124.00,126.00,250.00,126,124,0.00,0.00,0,0
1419358753,s3-eth1,364326.00,7986.00,372312.00,7986,364326,123.00,121.00,244.00,121,123,0.00,0.00,0,0
1419358753,s5,0.00,0.00,0.00,0,0,0.00,0.00,0.00,0,0,0.00,0.00,0,0
1419358753,s3-eth2,7986.00,364326.00,372312.00,364326,7986,121.00,123.00,244.00,123,121,0.00,0.00,0,0
1419358753,s3-eth3,0.00,0.00,0.00,0,0,0.00,0.00,0.00,0,0,0.00,0.00,0,0
1419358753,eth0,0.00,0.00,0.00,0,0,0.00,0.00,0.00,0,0,0.00,0.00,0,0
1419358753,lo,0.00,0.00,0.00,0,0,0.00,0.00,0.00,0,0,0.00,0.00,0,0
1419358753,s1,0.00,0.00,0.00,0,0,0.00,0.00,0.00,0,0,0.00,0.00,0,0
1419358753,s4-eth1,0.00,0.00,0.00,0,0,0.00,0.00,0.00,0,0,0.00,0.00,0,0
1419358753,s4-eth3,0.00,0.00,0.00,0,0,0.00,0.00,0.00,0,0,0.00,0.00,0,0
1419358753,s2,0.00,0.00,0.00,0,0,0.00,0.00,0.00,0,0,0.00,0.00,0,0
1419358753,s5-eth1,0.00,0.00,0.00,0,0,0.00,0.00,0.00,0,0,0.00,0.00,0,0
1419358753,total,2370528.00,2385404.00,4755932.00,2385404,2370528,1560.00,1566.00,3126.00,1566,1560,0.00,0.00,0,0
1419358754,s3,0.00,0.00,0.00,0,0,0.00,0.00,0.00,0,0,0.00,0.00,0,0
1419358754,s1-eth1,1223306.00,27258.00,1250564.00,27258,1223306,413.00,413.00,826.00,413,413,0.00,0.00,0,0
1419358754,s1-eth3,15444.00,690146.00,705590.00,690146,15444,234.00,233.00,467.00,233,234,0.00,0.00,0,0
1419358754,s1-eth2,11814.00,530198.00,542012.00,530198,11814,179.00,179.00,358.00,179,179,0.00,0.00,0,0
1419358754,s2-eth1,690146.00,15444.00,705590.00,15444,690146,233.00,234.00,467.00,234,233,0.00,0.00,0,0
1419358754,s4,0.00,0.00,0.00,0,0,0.00,0.00,0.00,0,0,0.00,0.00,0,0
1419358754,s2-eth3,7986.00,355440.00,363426.00,355440,7986,121.00,120.00,241.00,120,121,0.00,0.00,0,0
1419358754,s2-eth2,7524.00,340630.00,348154.00,340630,7524,114.00,115.00,229.00,115,114,0.00,0.00,0,0
1419358754,s3-eth1,355440.00,7986.00,363426.00,7986,355440,120.00,121.00,241.00,121,120,0.00,0.00,0,0
1419358754,s5,0.00,0.00,0.00,0,0,0.00,0.00,0.00,0,0,0.00,0.00,0,0
1419358754,s3-eth2,7912.09,355084.94,362997.00,355440,7920,119.88,119.88,239.76,120,120,0.00,0.00,0,0
1419358754,s3-eth3,0.00,0.00,0.00,0,0,0.00,0.00,0.00,0,0,0.00,0.00,0,0
1419358754,eth0,0.00,0.00,0.00,0,0,0.00,0.00,0.00,0,0,0.00,0.00,0,0
1419358754,lo,0.00,0.00,0.00,0,0,0.00,0.00,0.00,0,0,0.00,0.00,0,0
1419358754,s1,0.00,0.00,0.00,0,0,0.00,0.00,0.00,0,0,0.00,0.00,0,0
1419358754,s4-eth1,0.00,0.00,0.00,0,0,0.00,0.00,0.00,0,0,0.00,0.00,0,0
1419358754,s4-eth3,0.00,0.00,0.00,0,0,0.00,0.00,0.00,0,0,0.00,0.00,0,0
1419358754,s2,0.00,0.00,0.00,0,0,0.00,0.00,0.00,0,0,0.00,0.00,0,0
1419358754,s5-eth1,0.00,0.00,0.00,0,0,0.00,0.00,0.00,0,0,0.00,0.00,0,0
1419358754,total,2317262.75,2320221.75,4637484.50,2322542,2319580,1532.47,1533.47,3065.93,1535,1534,0.00,0.00,0,0
1419358755,s3,0.00,0.00,0.00,0,0,0.00,0.00,0.00,0,0,0.00,0.00,0,0
1419358755,s1-eth1,1225043.00,27230.77,1252273.75,27258,1226268,413.59,412.59,826.17,413,414,0.00,0.00,0,0
1419358755,s1-eth3,15428.57,698333.69,713762.25,699032,15444,233.77,235.76,469.53,236,234,0.00,0.00,0,0
1419358755,s1-eth2,11868.13,532627.38,544495.50,533160,11880,179.82,179.82,359.64,180,180,0.00,0.00,0,0
1419358755,s2-eth1,698333.69,15428.57,713762.25,15444,699032,235.76,233.77,469.53,234,236,0.00,0.00,0,0
1419358755,s4,0.00,0.00,0.00,0,0,0.00,0.00,0.00,0,0,0.00,0.00,0,0
1419358755,s2-eth3,7648.35,346207.81,353856.16,346554,7656,115.88,116.88,232.77,117,116,0.00,0.00,0,0
1419358755,s2-eth2,7714.29,346207.81,353922.09,346554,7722,116.88,116.88,233.77,117,117,0.00,0.00,0,0
1419358755,s3-eth1,346207.81,7648.35,353856.16,7656,346554,116.88,115.88,232.77,116,117,0.00,0.00,0,0
1419358755,s5,0.00,0.00,0.00,0,0,0.00,0.00,0.00,0,0,0.00,0.00,0,0
1419358755,s3-eth2,7722.00,346554.00,354276.00,346554,7722,117.00,117.00,234.00,117,117,0.00,0.00,0,0
1419358755,s3-eth3,0.00,0.00,0.00,0,0,0.00,0.00,0.00,0,0,0.00,0.00,0,0
1419358755,eth0,0.00,0.00,0.00,0,0,0.00,0.00,0.00,0,0,0.00,0.00,0,0
1419358755,lo,515.48,515.48,1030.97,516,516,8.99,8.99,17.98,9,9,0.00,0.00,0,0
1419358755,s1,0.00,0.00,0.00,0,0,0.00,0.00,0.00,0,0,0.00,0.00,0,0
1419358755,s4-eth1,0.00,0.00,0.00,0,0,0.00,0.00,0.00,0,0,0.00,0.00,0,0
1419358755,s4-eth3,0.00,0.00,0.00,0,0,0.00,0.00,0.00,0,0,0.00,0.00,0,0
1419358755,s2,0.00,0.00,0.00,0,0,0.00,0.00,0.00,0,0,0.00,0.00,0,0
1419358755,s5-eth1,0.00,0.00,0.00,0,0,0.00,0.00,0.00,0,0,0.00,0.00,0,0
1419358755,total,2320473.50,2320407.75,4640881.00,2322728,2322794,1538.46,1537.46,3075.92,1539,1540,0.00,0.00,0,0
1419358756,s3,0.00,0.00,0.00,0,0,0.00,0.00,0.00,0,0,0.00,0.00,0,0
1419358756,s1-eth1,1222084.00,27230.77,1249314.75,27258,1223306,412.59,412.59,825.17,413,413,0.00,0.00,0,0
1419358756,s1-eth3,16681.32,751596.44,768277.75,752348,16698,252.75,253.75,506.49,254,253,0.00,0.00,0,0
1419358756,s1-eth2,10549.45,476405.59,486955.06,476882,10560,159.84,160.84,320.68,161,160,0.00,0.00,0,0
1419358756,s2-eth1,751596.44,16681.32,768277.75,16698,752348,253.75,252.75,506.49,253,254,0.00,0.00,0,0
1419358756,s4,0.00,0.00,0.00,0,0,0.00,0.00,0.00,0,0,0.00,0.00,0,0
1419358756,s2-eth3,8175.82,369880.12,378055.97,370250,8184,123.88,124.88,248.75,125,124,0.00,0.00,0,0
1419358756,s2-eth2,8505.50,384675.34,393180.84,385060,8514,128.87,129.87,258.74,130,129,0.00,0.00,0,0
1419358756,s3-eth1,369880.12,8175.82,378055.97,8184,370250,124.88,123.88,248.75,124,125,0.00,0.00,0,0
1419358756,s5,0.00,0.00,0.00,0,0,0.00,0.00,0.00,0,0,0.00,0.00,0,0
1419358756,s3-eth2,8175.82,369880.12,378055.97,370250,8184,123.88,124.88,248.75,125,124,0.00,0.00,0,0
1419358756,s3-eth3,0.00,0.00,0.00,0,0,0.00,0.00,0.00,0,0,0.00,0.00,0,0
1419358756,eth0,0.00,0.00,0.00,0,0,0.00,0.00,0.00,0,0,0.00,0.00,0,0
1419358756,lo,0.00,0.00,0.00,0,0,0.00,0.00,0.00,0,0,0.00,0.00,0,0
1419358756,s1,0.00,0.00,0.00,0,0,0.00,0.00,0.00,0,0,0.00,0.00,0,0
1419358756,s4-eth1,0.00,0.00,0.00,0,0,0.00,0.00,0.00,0,0,0.00,0.00,0,0
1419358756,s4-eth3,0.00,0.00,0.00,0,0,0.00,0.00,0.00,0,0,0.00,0.00,0,0
1419358756,s2,0.00,0.00,0.00,0,0,0.00,0.00,0.00,0,0,0.00,0.00,0,0
1419358756,s5-eth1,0.00,0.00,0.00,0,0,0.00,0.00,0.00,0,0,0.00,0.00,0,0
1419358756,total,2395648.50,2404525.50,4800174.00,2406930,2398044,1580.42,1583.42,3163.84,1585,1582,0.00,0.00,0,0
1419358757,s3,0.00,0.00,0.00,0,0,0.00,0.00,0.00,0,0,0.00,0.00,0,0
1419358757,s1-eth1,1223306.00,27324.00,1250630.00,27324,1223306,413.00,414.00,827.00,414,413,0.00,0.00,0,0
1419358757,s1-eth3,15048.00,690146.00,705194.00,690146,15048,228.00,233.00,461.00,233,228,0.00,0.00,0,0
1419358757,s1-eth2,12210.00,556856.00,569066.00,556856,12210,185.00,188.00,373.00,188,185,0.00,0.00,0,0
1419358757,s2-eth1,690146.00,15048.00,705194.00,15048,690146,233.00,228.00,461.00,228,233,0.00,0.00,0,0
1419358757,s4,0.00,0.00,0.00,0,0,0.00,0.00,0.00,0,0,0.00,0.00,0,0
1419358757,s2-eth3,7986.00,364326.00,372312.00,364326,7986,121.00,123.00,244.00,123,121,0.00,0.00,0,0
1419358757,s2-eth2,7128.00,322858.00,329986.00,322858,7128,108.00,109.00,217.00,109,108,0.00,0.00,0,0
1419358757,s3-eth1,364326.00,7986.00,372312.00,7986,364326,123.00,121.00,244.00,121,123,0.00,0.00,0,0
1419358757,s5,0.00,0.00,0.00,0,0,0.00,0.00,0.00,0,0,0.00,0.00,0,0
1419358757,s3-eth2,7986.00,367288.00,375274.00,367288,7986,121.00,124.00,245.00,124,121,0.00,0.00,0,0
1419358757,s3-eth3,0.00,0.00,0.00,0,0,0.00,0.00,0.00,0,0,0.00,0.00,0,0
1419358757,eth0,0.00,0.00,0.00,0,0,0.00,0.00,0.00,0,0,0.00,0.00,0,0
1419358757,lo,344.00,344.00,688.00,344,344,6.00,6.00,12.00,6,6,0.00,0.00,0,0
1419358757,s1,0.00,0.00,0.00,0,0,0.00,0.00,0.00,0,0,0.00,0.00,0,0
1419358757,s4-eth1,0.00,0.00,0.00,0,0,0.00,0.00,0.00,0,0,0.00,0.00,0,0
1419358757,s4-eth3,0.00,0.00,0.00,0,0,0.00,0.00,0.00,0,0,0.00,0.00,0,0
1419358757,s2,0.00,0.00,0.00,0,0,0.00,0.00,0.00,0,0,0.00,0.00,0,0
1419358757,s5-eth1,0.00,0.00,0.00,0,0,0.00,0.00,0.00,0,0,0.00,0.00,0,0
1419358757,total,2328480.00,2352176.00,4680656.00,2352176,2328480,1538.00,1546.00,3084.00,1546,1538,0.00,0.00,0,0
1419358758,s3,0.00,0.00,0.00,0,0,0.00,0.00,0.00,0,0,0.00,0.00,0,0
1419358758,s1-eth1,1223306.00,27258.00,1250564.00,27258,1223306,413.00,413.00,826.00,413,413,0.00,0.00,0,0
1419358758,s1-eth3,16698.00,781968.00,798666.00,781968,16698,253.00,264.00,517.00,264,253,0.00,0.00,0,0
1419358758,s1-eth2,10560.00,488730.00,499290.00,488730,10560,160.00,165.00,325.00,165,160,0.00,0.00,0,0
1419358758,s2-eth1,781968.00,16698.00,798666.00,16698,781968,264.00,253.00,517.00,253,264,0.00,0.00,0,0
1419358758,s4,0.00,0.00,0.00,0,0,0.00,0.00,0.00,0,0,0.00,0.00,0,0
1419358758,s2-eth3,8175.82,384675.34,392851.16,385060,8184,123.88,129.87,253.75,130,124,0.00,0.00,0,0
1419358758,s2-eth2,8505.50,402429.59,410935.06,402832,8514,128.87,135.86,264.74,136,129,0.00,0.00,0,0
1419358758,s3-eth1,384675.34,8175.82,392851.16,8184,385060,129.87,123.88,253.75,124,130,0.00,0.00,0,0
1419358758,s5,0.00,0.00,0.00,0,0,0.00,0.00,0.00,0,0,0.00,0.00,0,0
1419358758,s3-eth2,8175.82,381716.28,389892.12,382098,8184,123.88,128.87,252.75,129,124,0.00,0.00,0,0
1419358758,s3-eth3,0.00,0.00,0.00,0,0,0.00,0.00,0.00,0,0,0.00,0.00,0,0
1419358758,eth0,0.00,0.00,0.00,0,0,0.00,0.00,0.00,0,0,0.00,0.00,0,0
1419358758,lo,0.00,0.00,0.00,0,0,0.00,0.00,0.00,0,0,0.00,0.00,0,0
1419358758,s1,0.00,0.00,0.00,0,0,0.00,0.00,0.00,0,0,0.00,0.00,0,0
1419358758,s4-eth1,0.00,0.00,0.00,0,0,0.00,0.00,0.00,0,0,0.00,0.00,0,0
1419358758,s4-eth3,0.00,0.00,0.00,0,0,0.00,0.00,0.00,0,0,0.00,0.00,0,0
1419358758,s2,0.00,0.00,0.00,0,0,0.00,0.00,0.00,0,0,0.00,0.00,0,0
1419358758,s5-eth1,0.00,0.00,0.00,0,0,0.00,0.00,0.00,0,0,0.00,0.00,0,0
1419358758,total,2440034.00,2490337.75,4930372.00,2492828,2442474,1595.40,1612.39,3207.79,1614,1597,0.00,0.00,0,0
1419358759,s3,0.00,0.00,0.00,0,0,0.00,0.00,0.00,0,0,0.00,0.00,0,0
1419358759,s1-eth1,1223820.38,27269.46,1251089.88,27324,1226268,413.17,413.17,826.35,414,414,0.00,0.00,0,0
1419358759,s1-eth3,15874.25,759714.56,775588.81,761234,15906,240.52,256.49,497.01,257,241,0.00,0.00,0,0
1419358759,s1-eth2,11395.21,538008.00,549403.19,539084,11418,172.65,181.64,354.29,182,173,0.00,0.00,0,0
1419358759,s2-eth1,759714.56,15874.25,775588.81,15906,761234,256.49,240.52,497.01,241,257,0.00,0.00,0,0
1419358759,s4,0.00,0.00,0.00,0,0,0.00,0.00,0.00,0,0,0.00,0.00,0,0
1419358759,s2-eth3,8233.53,396115.78,404349.31,396908,8250,124.75,133.73,258.48,134,125,0.00,0.00,0,0
1419358759,s2-eth2,7640.72,363598.81,371239.53,364326,7656,115.77,122.75,238.52,123,116,0.00,0.00,0,0
1419358759,s3-eth1,396115.78,8233.53,404349.31,8250,396908,133.73,124.75,258.48,125,134,0.00,0.00,0,0
1419358759,s5,0.00,0.00,0.00,0,0,0.00,0.00,0.00,0,0,0.00,0.00,0,0
1419358759,s3-eth2,8233.53,396115.78,404349.31,396908,8250,124.75,133.73,258.48,134,125,0.00,0.00,0,0
1419358759,s3-eth3,0.00,0.00,0.00,0,0,0.00,0.00,0.00,0,0,0.00,0.00,0,0
1419358759,eth0,0.00,0.00,0.00,0,0,0.00,0.00,0.00,0,0,0.00,0.00,0,0
1419358759,lo,0.00,0.00,0.00,0,0,0.00,0.00,0.00,0,0,0.00,0.00,0,0
1419358759,s1,0.00,0.00,0.00,0,0,0.00,0.00,0.00,0,0,0.00,0.00,0,0
1419358759,s4-eth1,0.00,0.00,0.00,0,0,0.00,0.00,0.00,0,0,0.00,0.00,0,0
1419358759,s4-eth3,0.00,0.00,0.00,0,0,0.00,0.00,0.00,0,0,0.00,0.00,0,0
1419358759,s2,0.00,0.00,0.00,0,0,0.00,0.00,0.00,0,0,0.00,0.00,0,0
1419358759,s5-eth1,0.00,0.00,0.00,0,0,0.00,0.00,0.00,0,0,0.00,0.00,0,0
1419358759,total,2431028.00,2504930.25,4935958.00,2509940,2435890,1581.84,1606.79,3188.62,1610,1585,0.00,0.00,0,0
1419358760,s3,0.00,0.00,0.00,0,0,0.00,0.00,0.00,0,0,0.00,0.00,0,0
1419358760,s1-eth1,1222084.00,27164.84,1249248.75,27192,1223306,412.59,411.59,824.18,412,413,0.00,0.00,0,0
1419358760,s1-eth3,17868.13,884753.25,902621.38,885638,17886,270.73,298.70,569.43,299,271,0.00,0.00,0,0
1419358760,s1-eth2,9362.64,455692.31,465054.97,456148,9372,141.86,153.85,295.70,154,142,0.00,0.00,0,0
1419358760,s2-eth1,884753.25,17868.13,902621.38,17886,885638,298.70,270.73,569.43,271,299,0.00,0.00,0,0
1419358760,s4,0.00,0.00,0.00,0,0,0.00,0.00,0.00,0,0,0.00,0.00,0,0
1419358760,s2-eth3,8778.00,435414.00,444192.00,435414,8778,133.00,147.00,280.00,147,133,0.00,0.00,0,0
1419358760,s2-eth2,9042.00,450224.00,459266.00,450224,9042,137.00,152.00,289.00,152,137,0.00,0.00,0,0
1419358760,s3-eth1,435414.00,8778.00,444192.00,8778,435414,147.00,133.00,280.00,133,147,0.00,0.00,0,0
1419358760,s5,0.00,0.00,0.00,0,0,0.00,0.00,0.00,0,0,0.00,0.00,0,0
1419358760,s3-eth2,8778.00,435414.00,444192.00,435414,8778,133.00,147.00,280.00,147,133,0.00,0.00,0,0
1419358760,s3-eth3,0.00,0.00,0.00,0,0,0.00,0.00,0.00,0,0,0.00,0.00,0,0
1419358760,eth0,0.00,0.00,0.00,0,0,0.00,0.00,0.00,0,0,0.00,0.00,0,0
1419358760,lo,516.00,516.00,1032.00,516,516,9.00,9.00,18.00,9,9,0.00,0.00,0,0
1419358760,s1,0.00,0.00,0.00,0,0,0.00,0.00,0.00,0,0,0.00,0.00,0,0
1419358760,s4-eth1,0.00,0.00,0.00,0,0,0.00,0.00,0.00,0,0,0.00,0.00,0,0
1419358760,s4-eth3,0.00,0.00,0.00,0,0,0.00,0.00,0.00,0,0,0.00,0.00,0,0
1419358760,s2,0.00,0.00,0.00,0,0,0.00,0.00,0.00,0,0,0.00,0.00,0,0
1419358760,s5-eth1,0.00,0.00,0.00,0,0,0.00,0.00,0.00,0,0,0.00,0.00,0,0
1419358760,total,2598730.00,2717210.00,5315940.00,2717210,2598730,1684.00,1724.00,3408.00,1724,1684,0.00,0.00,0,0
1419358761,s3,0.00,0.00,0.00,0,0,0.00,0.00,0.00,0,0,0.00,0.00,0,0
1419358761,s1-eth1,1222188.00,32644.00,1254832.00,32644,1222188,418.00,418.00,836.00,418,418,0.00,0.00,0,0
1419358761,s1-eth3,20858.00,746238.00,767096.00,746238,20858,267.00,315.00,582.00,315,267,0.00,0.00,0,0
1419358761,s1-eth2,11692.00,422522.00,434214.00,422522,11692,150.00,193.00,343.00,193,150,0.00,0.00,0,0
1419358761,s2-eth1,746238.00,20858.00,767096.00,20858,746238,315.00,267.00,582.00,267,315,0.00,0.00,0,0
1419358761,s4,0.00,0.00,0.00,0,0,0.00,0.00,0.00,0,0,0.00,0.00,0,0
1419358761,s2-eth3,10250.00,372824.00,383074.00,372824,10250,135.00,164.00,299.00,164,135,0.00,0.00,0,0
1419358761,s2-eth2,10580.00,372032.00,382612.00,372032,10580,132.00,152.00,284.00,152,132,0.00,0.00,0,0
1419358761,s3-eth1,372824.00,10250.00,383074.00,10250,372824,164.00,135.00,299.00,135,164,0.00,0.00,0,0
1419358761,s5,0.00,0.00,0.00,0,0,0.00,0.00,0.00,0,0,0.00,0.00,0,0
1419358761,s3-eth2,10229.54,372079.84,382309.41,372824,10250,134.73,163.67,298.40,164,135,0.00,0.00,0,0
1419358761,s3-eth3,0.00,0.00,0.00,0,0,0.00,0.00,0.00,0,0,0.00,0.00,0,0
1419358761,eth0,0.00,0.00,0.00,0,0,0.00,0.00,0.00,0,0,0.00,0.00,0,0
1419358761,lo,0.00,0.00,0.00,0,0,0.00,0.00,0.00,0,0,0.00,0.00,0,0
1419358761,s1,0.00,0.00,0.00,0,0,0.00,0.00,0.00,0,0,0.00,0.00,0,0
1419358761,s4-eth1,0.00,0.00,0.00,0,0,0.00,0.00,0.00,0,0,0.00,0.00,0,0
1419358761,s4-eth3,0.00,0.00,0.00,0,0,0.00,0.00,0.00,0,0,0.00,0.00,0,0
1419358761,s2,0.00,0.00,0.00,0,0,0.00,0.00,0.00,0,0,0.00,0.00,0,0
1419358761,s5-eth1,0.00,0.00,0.00,0,0,0.00,0.00,0.00,0,0,0.00,0.00,0,0
1419358761,total,2400080.00,2345501.00,4745581.00,2350192,2404880,1712.57,1804.39,3516.97,1808,1716,0.00,0.00,0,0
1419358762,s3,0.00,0.00,0.00,0,0,0.00,0.00,0.00,0,0,0.00,0.00,0,0
1419358762,s1-eth1,1242139.75,69139.72,1311279.50,69278,1244624,734.53,735.53,1470.06,737,736,0.00,0.00,0,0
1419358762,s1-eth3,40151.70,926217.56,966369.31,928070,40232,427.15,545.91,973.05,547,428,0.00,0.00,0,0
1419358762,s1-eth2,28988.03,600776.44,629764.50,601978,29046,308.38,388.22,696.61,389,309,0.00,0.00,0,0
1419358762,s2-eth1,926217.56,40151.70,966369.31,40232,928070,545.91,427.15,973.05,428,547,0.00,0.00,0,0
1419358762,s4,0.00,0.00,0.00,0,0,0.00,0.00,0.00,0,0,0.00,0.00,0,0
1419358762,s2-eth3,22421.16,445079.84,467501.00,445970,22466,238.52,284.43,522.95,285,239,0.00,0.00,0,0
1419358762,s2-eth2,17730.54,488626.75,506357.31,489604,17766,188.62,265.47,454.09,266,189,0.00,0.00,0,0
1419358762,s3-eth1,445079.84,22421.16,467501.00,22466,445970,284.43,238.52,522.95,239,285,0.00,0.00,0,0
1419358762,s5,0.00,0.00,0.00,0,0,0.00,0.00,0.00,0,0,0.00,0.00,0,0
1419358762,s3-eth2,22421.16,445079.84,467501.00,445970,22466,238.52,284.43,522.95,285,239,0.00,0.00,0,0
1419358762,s3-eth3,0.00,0.00,0.00,0,0,0.00,0.00,0.00,0,0,0.00,0.00,0,0
1419358762,eth0,0.00,0.00,0.00,0,0,0.00,0.00,0.00,0,0,0.00,0.00,0,0
1419358762,lo,343.31,343.31,686.63,344,344,5.99,5.99,11.98,6,6,0.00,0.00,0,0
1419358762,s1,0.00,0.00,0.00,0,0,0.00,0.00,0.00,0,0,0.00,0.00,0,0
1419358762,s4-eth1,0.00,0.00,0.00,0,0,0.00,0.00,0.00,0,0,0.00,0.00,0,0
1419358762,s4-eth3,0.00,0.00,0.00,0,0,0.00,0.00,0.00,0,0,0.00,0.00,0,0
1419358762,s2,0.00,0.00,0.00,0,0,0.00,0.00,0.00,0,0,0.00,0.00,0,0
1419358762,s5-eth1,0.00,0.00,0.00,0,0,0.00,0.00,0.00,0,0,0.00,0.00,0,0
1419358762,total,2745493.00,3037836.50,5783329.50,3043912,2750984,2972.06,3175.65,6147.70,3182,2978,0.00,0.00,0,0
1419358763,s3,0.00,0.00,0.00,0,0,0.00,0.00,0.00,0,0,0.00,0.00,0,0
1419358763,s1-eth1,1244642.75,70237.52,1314880.25,70378,1247132,772.46,771.46,1543.91,773,774,0.00,0.00,0,0
1419358763,s1-eth3,44590.82,775387.25,819978.06,776938,44680,495.01,472.06,967.07,473,496,0.00,0.00,0,0
1419358763,s1-eth2,25674.65,437986.03,463660.69,438862,25726,276.45,286.43,562.87,287,277,0.00,0.00,0,0
1419358763,s2-eth1,775387.25,44590.82,819978.06,44680,776938,472.06,495.01,967.07,496,473,0.00,0.00,0,0
1419358763,s4,0.00,0.00,0.00,0,0,0.00,0.00,0.00,0,0,0.00,0.00,0,0
1419358763,s2-eth3,21427.15,353305.41,374732.53,354012,21470,234.53,229.54,464.07,230,235,0.00,0.00,0,0
1419358763,s2-eth2,23191.62,413015.97,436207.59,413842,23238,260.48,236.53,497.01,237,261,0.00,0.00,0,0
1419358763,s3-eth1,353305.41,21427.15,374732.53,21470,354012,229.54,234.53,464.07,235,230,0.00,0.00,0,0
1419358763,s5,0.00,0.00,0.00,0,0,0.00,0.00,0.00,0,0,0.00,0.00,0,0
1419358763,s3-eth2,21404.00,354012.00,375416.00,354012,21404,234.00,230.00,464.00,230,234,0.00,0.00,0,0
1419358763,s3-eth3,0.00,0.00,0.00,0,0,0.00,0.00,0.00,0,0,0.00,0.00,0,0
1419358763,eth0,0.00,0.00,0.00,0,0,0.00,0.00,0.00,0,0,0.00,0.00,0,0
1419358763,lo,0.00,0.00,0.00,0,0,0.00,0.00,0.00,0,0,0.00,0.00,0,0
1419358763,s1,0.00,0.00,0.00,0,0,0.00,0.00,0.00,0,0,0.00,0.00,0,0
1419358763,s4-eth1,0.00,0.00,0.00,0,0,0.00,0.00,0.00,0,0,0.00,0.00,0,0
1419358763,s4-eth3,0.00,0.00,0.00,0,0,0.00,0.00,0.00,0,0,0.00,0.00,0,0
1419358763,s2,0.00,0.00,0.00,0,0,0.00,0.00,0.00,0,0,0.00,0.00,0,0
1419358763,s5-eth1,0.00,0.00,0.00,0,0,0.00,0.00,0.00,0,0,0.00,0.00,0,0
1419358763,total,2514600.00,2474194.00,4988794.00,2474194,2514600,2980.00,2961.00,5941.00,2961,2980,0.00,0.00,0,0
1419358764,s3,0.00,0.00,0.00,0,0,0.00,0.00,0.00,0,0,0.00,0.00,0,0
1419358764,s1-eth1,1229044.00,29700.00,1258744.00,29700,1229044,478.00,450.00,928.00,450,478,0.00,0.00,0,0
1419358764,s1-eth3,18414.00,790854.00,809268.00,790854,18414,279.00,267.00,546.00,267,279,0.00,0.00,0,0
1419358764,s1-eth2,11286.00,465034.00,476320.00,465034,11286,171.00,157.00,328.00,157,171,0.00,0.00,0,0
1419358764,s2-eth1,790854.00,18414.00,809268.00,18414,790854,267.00,279.00,546.00,279,267,0.00,0.00,0,0
1419358764,s4,0.00,0.00,0.00,0,0,0.00,0.00,0.00,0,0,0.00,0.00,0,0
1419358764,s2-eth3,8778.00,393946.00,402724.00,393946,8778,133.00,133.00,266.00,133,133,0.00,0.00,0,0
1419358764,s2-eth2,9702.00,396908.00,406610.00,396908,9702,147.00,134.00,281.00,134,147,0.00,0.00,0,0
1419358764,s3-eth1,393946.00,8778.00,402724.00,8778,393946,133.00,133.00,266.00,133,133,0.00,0.00,0,0
1419358764,s5,0.00,0.00,0.00,0,0,0.00,0.00,0.00,0,0,0.00,0.00,0,0
1419358764,s3-eth2,8835.17,393552.47,402387.62,393946,8844,133.87,132.87,266.73,133,134,0.00,0.00,0,0
1419358764,s3-eth3,0.00,0.00,0.00,0,0,0.00,0.00,0.00,0,0,0.00,0.00,0,0
1419358764,eth0,0.00,0.00,0.00,0,0,0.00,0.00,0.00,0,0,0.00,0.00,0,0
1419358764,lo,0.00,0.00,0.00,0,0,0.00,0.00,0.00,0,0,0.00,0.00,0,0
1419358764,s1,0.00,0.00,0.00,0,0,0.00,0.00,0.00,0,0,0.00,0.00,0,0
1419358764,s4-eth1,0.00,0.00,0.00,0,0,0.00,0.00,0.00,0,0,0.00,0.00,0,0
1419358764,s4-eth3,0.00,0.00,0.00,0,0,0.00,0.00,0.00,0,0,0.00,0.00,0,0
1419358764,s2,0.00,0.00,0.00,0,0,0.00,0.00,0.00,0,0,0.00,0.00,0,0
1419358764,s5-eth1,0.00,0.00,0.00,0,0,0.00,0.00,0.00,0,0,0.00,0.00,0,0
1419358764,total,2468399.75,2495085.00,4963484.50,2497580,2470868,1740.26,1684.32,3424.58,1686,1742,0.00,0.00,0,0
1419358765,s3,0.00,0.00,0.00,0,0,0.00,0.00,0.00,0,0,0.00,0.00,0,0
1419358765,s1-eth1,1225043.00,27230.77,1252273.75,27258,1226268,413.59,412.59,826.17,413,414,0.00,0.00,0,0
1419358765,s1-eth3,17868.13,810777.25,828645.38,811588,17886,270.73,273.73,544.46,274,271,0.00,0.00,0,0
1419358765,s1-eth2,9428.57,429060.94,438489.53,429490,9438,142.86,144.86,287.71,145,143,0.00,0.00,0,0
1419358765,s2-eth1,810777.25,17868.13,828645.38,17886,811588,273.73,270.73,544.46,271,274,0.00,0.00,0,0
1419358765,s4,0.00,0.00,0.00,0,0,0.00,0.00,0.00,0,0,0.00,0.00,0,0
1419358765,s2-eth3,9164.83,414265.75,423430.59,414680,9174,138.86,139.86,278.72,140,139,0.00,0.00,0,0
1419358765,s2-eth2,8637.36,396511.50,405148.88,396908,8646,130.87,133.87,264.74,134,131,0.00,0.00,0,0
1419358765,s3-eth1,414265.75,9164.83,423430.59,9174,414680,139.86,138.86,278.72,139,140,0.00,0.00,0,0
1419358765,s5,0.00,0.00,0.00,0,0,0.00,0.00,0.00,0,0,0.00,0.00,0,0
1419358765,s3-eth2,9164.83,414265.75,423430.59,414680,9174,138.86,139.86,278.72,140,139,0.00,0.00,0,0
1419358765,s3-eth3,0.00,0.00,0.00,0,0,0.00,0.00,0.00,0,0,0.00,0.00,0,0
1419358765,eth0,0.00,0.00,0.00,0,0,0.00,0.00,0.00,0,0,0.00,0.00,0,0
1419358765,lo,515.48,515.48,1030.97,516,516,8.99,8.99,17.98,9,9,0.00,0.00,0,0
1419358765,s1,0.00,0.00,0.00,0,0,0.00,0.00,0.00,0,0,0.00,0.00,0,0
1419358765,s4-eth1,0.00,0.00,0.00,0,0,0.00,0.00,0.00,0,0,0.00,0.00,0,0
1419358765,s4-eth3,0.00,0.00,0.00,0,0,0.00,0.00,0.00,0,0,0.00,0.00,0,0
1419358765,s2,0.00,0.00,0.00,0,0,0.00,0.00,0.00,0,0,0.00,0.00,0,0
1419358765,s5-eth1,0.00,0.00,0.00,0,0,0.00,0.00,0.00,0,0,0.00,0.00,0,0
1419358765,total,2504865.25,2519660.50,5024525.50,2522180,2507370,1658.34,1663.34,3321.68,1665,1660,0.00,0.00,0,0
1419358766,s3,0.00,0.00,0.00,0,0,0.00,0.00,0.00,0,0,0.00,0.00,0,0
1419358766,s1-eth1,1222084.00,27230.77,1249314.75,27258,1223306,412.59,412.59,825.17,413,413,0.00,0.00,0,0
1419358766,s1-eth3,16615.38,751596.44,768211.81,752348,16632,251.75,253.75,505.49,254,252,0.00,0.00,0,0
1419358766,s1-eth2,10615.38,476405.59,487021.00,476882,10626,160.84,160.84,321.68,161,161,0.00,0.00,0,0
1419358766,s2-eth1,751596.44,16615.38,768211.81,16632,752348,253.75,251.75,505.49,252,254,0.00,0.00,0,0
1419358766,s4,0.00,0.00,0.00,0,0,0.00,0.00,0.00,0,0,0.00,0.00,0,0
1419358766,s2-eth3,8109.89,363962.06,372071.94,364326,8118,122.88,122.88,245.75,123,123,0.00,0.00,0,0
1419358766,s2-eth2,8571.43,384675.34,393246.75,385060,8580,129.87,129.87,259.74,130,130,0.00,0.00,0,0
1419358766,s3-eth1,363962.06,8109.89,372071.94,8118,364326,122.88,122.88,245.75,123,123,0.00,0.00,0,0
1419358766,s5,0.00,0.00,0.00,0,0,0.00,0.00,0.00,0,0,0.00,0.00,0,0
1419358766,s3-eth2,8109.89,363962.06,372071.94,364326,8118,122.88,122.88,245.75,123,123,0.00,0.00,0,0
1419358766,s3-eth3,0.00,0.00,0.00,0,0,0.00,0.00,0.00,0,0,0.00,0.00,0,0
1419358766,eth0,0.00,0.00,0.00,0,0,0.00,0.00,0.00,0,0,0.00,0.00,0,0
1419358766,lo,0.00,0.00,0.00,0,0,0.00,0.00,0.00,0,0,0.00,0.00,0,0
1419358766,s1,0.00,0.00,0.00,0,0,0.00,0.00,0.00,0,0,0.00,0.00,0,0
1419358766,s4-eth1,0.00,0.00,0.00,0,0,0.00,0.00,0.00,0,0,0.00,0.00,0,0
1419358766,s4-eth3,0.00,0.00,0.00,0,0,0.00,0.00,0.00,0,0,0.00,0.00,0,0
1419358766,s2,0.00,0.00,0.00,0,0,0.00,0.00,0.00,0,0,0.00,0.00,0,0
1419358766,s5-eth1,0.00,0.00,0.00,0,0,0.00,0.00,0.00,0,0,0.00,0.00,0,0
1419358766,total,2389664.50,2392557.50,4782222.00,2394950,2392054,1577.42,1577.42,3154.85,1579,1579,0.00,0.00,0,0
1419358767,s3,0.00,0.00,0.00,0,0,0.00,0.00,0.00,0,0,0.00,0.00,0,0
1419358767,s1-eth1,1222084.00,27296.70,1249380.62,27324,1223306,412.59,413.59,826.17,414,413,0.00,0.00,0,0
1419358767,s1-eth3,17472.53,781186.81,798659.38,781968,17490,264.74,263.74,528.47,264,265,0.00,0.00,0,0
1419358767,s1-eth2,9758.24,437938.06,447696.31,438376,9768,147.85,147.85,295.70,148,148,0.00,0.00,0,0
1419358767,s2-eth1,781186.81,17472.53,798659.38,17490,781968,263.74,264.74,528.47,265,264,0.00,0.00,0,0
1419358767,s4,0.00,0.00,0.00,0,0,0.00,0.00,0.00,0,0,0.00,0.00,0,0
1419358767,s2-eth3,8901.10,396511.50,405412.59,396908,8910,134.87,133.87,268.73,134,135,0.00,0.00,0,0
1419358767,s2-eth2,8571.43,384675.34,393246.75,385060,8580,129.87,129.87,259.74,130,130,0.00,0.00,0,0
1419358767,s3-eth1,396511.50,8901.10,405412.59,8910,396908,133.87,134.87,268.73,135,134,0.00,0.00,0,0
1419358767,s5,0.00,0.00,0.00,0,0,0.00,0.00,0.00,0,0,0.00,0.00,0,0
1419358767,s3-eth2,8835.17,396511.50,405346.66,396908,8844,133.87,133.87,267.73,134,134,0.00,0.00,0,0
1419358767,s3-eth3,0.00,0.00,0.00,0,0,0.00,0.00,0.00,0,0,0.00,0.00,0,0
1419358767,eth0,0.00,0.00,0.00,0,0,0.00,0.00,0.00,0,0,0.00,0.00,0,0
1419358767,lo,343.66,343.66,687.31,344,344,5.99,5.99,11.99,6,6,0.00,0.00,0,0
1419358767,s1,0.00,0.00,0.00,0,0,0.00,0.00,0.00,0,0,0.00,0.00,0,0
1419358767,s4-eth1,0.00,0.00,0.00,0,0,0.00,0.00,0.00,0,0,0.00,0.00,0,0
1419358767,s4-eth3,0.00,0.00,0.00,0,0,0.00,0.00,0.00,0,0,0.00,0.00,0,0
1419358767,s2,0.00,0.00,0.00,0,0,0.00,0.00,0.00,0,0,0.00,0.00,0,0
1419358767,s5-eth1,0.00,0.00,0.00,0,0,0.00,0.00,0.00,0,0,0.00,0.00,0,0
1419358767,total,2453664.50,2450837.25,4904501.50,2453288,2456118,1627.37,1628.37,3255.74,1630,1629,0.00,0.00,0,0
1419358768,s3,0.00,0.00,0.00,0,0,0.00,0.00,0.00,0,0,0.00,0.00,0,0
1419358768,s1-eth1,1225043.00,27230.77,1252273.75,27258,1226268,413.59,412.59,826.17,413,414,0.00,0.00,0,0
1419358768,s1-eth3,17472.53,790063.94,807536.50,790854,17490,264.74,266.73,531.47,267,265,0.00,0.00,0,0
1419358768,s1-eth2,9758.24,440897.12,450655.34,441338,9768,147.85,148.85,296.70,149,148,0.00,0.00,0,0
1419358768,s2-eth1,790063.94,17472.53,807536.50,17490,790854,266.73,264.74,531.47,265,267,0.00,0.00,0,0
1419358768,s4,0.00,0.00,0.00,0,0,0.00,0.00,0.00,0,0,0.00,0.00,0,0
1419358768,s2-eth3,8844.00,402832.00,411676.00,402832,8844,134.00,136.00,270.00,136,134,0.00,0.00,0,0
1419358768,s2-eth2,8646.00,388022.00,396668.00,388022,8646,131.00,131.00,262.00,131,131,0.00,0.00,0,0
1419358768,s3-eth1,402429.59,8835.17,411264.75,8844,402832,135.86,133.87,269.73,134,136,0.00,0.00,0,0
1419358768,s5,0.00,0.00,0.00,0,0,0.00,0.00,0.00,0,0,0.00,0.00,0,0
1419358768,s3-eth2,8901.10,405388.62,414289.72,405794,8910,134.87,136.86,271.73,137,135,0.00,0.00,0,0
1419358768,s3-eth3,0.00,0.00,0.00,0,0,0.00,0.00,0.00,0,0,0.00,0.00,0,0
1419358768,eth0,0.00,0.00,0.00,0,0,0.00,0.00,0.00,0,0,0.00,0.00,0,0
1419358768,lo,0.00,0.00,0.00,0,0,0.00,0.00,0.00,0,0,0.00,0.00,0,0
1419358768,s1,0.00,0.00,0.00,0,0,0.00,0.00,0.00,0,0,0.00,0.00,0,0
1419358768,s4-eth1,0.00,0.00,0.00,0,0,0.00,0.00,0.00,0,0,0.00,0.00,0,0
1419358768,s4-eth3,0.00,0.00,0.00,0,0,0.00,0.00,0.00,0,0,0.00,0.00,0,0
1419358768,s2,0.00,0.00,0.00,0,0,0.00,0.00,0.00,0,0,0.00,0.00,0,0
1419358768,s5-eth1,0.00,0.00,0.00,0,0,0.00,0.00,0.00,0,0,0.00,0.00,0,0
1419358768,total,2471141.00,2479952.00,4951093.00,2482432,2473612,1628.37,1630.37,3258.74,1632,1630,0.00,0.00,0,0
1419358769,s3,0.00,0.00,0.00,0,0,0.00,0.00,0.00,0,0,0.00,0.00,0,0
1419358769,s1-eth1,1222084.00,27230.77,1249314.75,27258,1223306,412.59,412.59,825.17,413,413,0.00,0.00,0,0
1419358769,s1-eth3,17472.53,807818.19,825290.75,808626,17490,264.74,272.73,537.46,273,265,0.00,0.00,0,0
1419358769,s1-eth2,9824.18,449774.25,459598.41,450224,9834,148.85,151.85,300.70,152,149,0.00,0.00,0,0
1419358769,s2-eth1,807818.19,17472.53,825290.75,17490,808626,272.73,264.74,537.46,265,273,0.00,0.00,0,0
1419358769,s4,0.00,0.00,0.00,0,0,0.00,0.00,0.00,0,0,0.00,0.00,0,0
1419358769,s2-eth3,8703.30,402429.59,411132.88,402832,8712,131.87,135.86,267.73,136,132,0.00,0.00,0,0
1419358769,s2-eth2,8703.30,405388.62,414091.91,405794,8712,131.87,136.86,268.73,137,132,0.00,0.00,0,0
1419358769,s3-eth1,402832.00,8712.00,411544.00,8712,402832,136.00,132.00,268.00,132,136,0.00,0.00,0,0
1419358769,s5,0.00,0.00,0.00,0,0,0.00,0.00,0.00,0,0,0.00,0.00,0,0
1419358769,s3-eth2,8712.00,399870.00,408582.00,399870,8712,132.00,135.00,267.00,135,132,0.00,0.00,0,0
1419358769,s3-eth3,0.00,0.00,0.00,0,0,0.00,0.00,0.00,0,0,0.00,0.00,0,0
1419358769,eth0,0.00,0.00,0.00,0,0,0.00,0.00,0.00,0,0,0.00,0.00,0,0
1419358769,lo,0.00,0.00,0.00,0,0,0.00,0.00,0.00,0,0,0.00,0.00,0,0
1419358769,s1,0.00,0.00,0.00,0,0,0.00,0.00,0.00,0,0,0.00,0.00,0,0
1419358769,s4-eth1,0.00,0.00,0.00,0,0,0.00,0.00,0.00,0,0,0.00,0.00,0,0
1419358769,s4-eth3,0.00,0.00,0.00,0,0,0.00,0.00,0.00,0,0,0.00,0.00,0,0
1419358769,s2,0.00,0.00,0.00,0,0,0.00,0.00,0.00,0,0,0.00,0.00,0,0
1419358769,s5-eth1,0.00,0.00,0.00,0,0,0.00,0.00,0.00,0,0,0.00,0.00,0,0
1419358769,total,2488224.00,2520806.00,5009030.00,2520806,2488224,1632.00,1643.00,3275.00,1643,1632,0.00,0.00,0,0
1419358770,s3,0.00,0.00,0.00,0,0,0.00,0.00,0.00,0,0,0.00,0.00,0,0
1419358770,s1-eth1,1223306.00,27324.00,1250630.00,27324,1223306,413.00,414.00,827.00,414,413,0.00,0.00,0,0
1419358770,s1-eth3,17226.00,808626.00,825852.00,808626,17226,261.00,273.00,534.00,273,261,0.00,0.00,0,0
1419358770,s1-eth2,10032.00,465034.00,475066.00,465034,10032,152.00,157.00,309.00,157,152,0.00,0.00,0,0
1419358770,s2-eth1,808626.00,17226.00,825852.00,17226,808626,273.00,261.00,534.00,261,273,0.00,0.00,0,0
1419358770,s4,0.00,0.00,0.00,0,0,0.00,0.00,0.00,0,0,0.00,0.00,0,0
1419358770,s2-eth3,8646.00,405794.00,414440.00,405794,8646,131.00,137.00,268.00,137,131,0.00,0.00,0,0
1419358770,s2-eth2,8646.00,402832.00,411478.00,402832,8646,131.00,136.00,267.00,136,131,0.00,0.00,0,0
1419358770,s3-eth1,405794.00,8646.00,414440.00,8646,405794,137.00,131.00,268.00,131,137,0.00,0.00,0,0
1419358770,s5,0.00,0.00,0.00,0,0,0.00,0.00,0.00,0,0,0.00,0.00,0,0
1419358770,s3-eth2,8646.00,405794.00,414440.00,405794,8646,131.00,137.00,268.00,137,131,0.00,0.00,0,0
1419358770,s3-eth3,0.00,0.00,0.00,0,0,0.00,0.00,0.00,0,0,0.00,0.00,0,0
1419358770,eth0,0.00,0.00,0.00,0,0,0.00,0.00,0.00,0,0,0.00,0.00,0,0
1419358770,lo,516.00,516.00,1032.00,516,516,9.00,9.00,18.00,9,9,0.00,0.00,0,0
1419358770,s1,0.00,0.00,0.00,0,0,0.00,0.00,0.00,0,0,0.00,0.00,0,0
1419358770,s4-eth1,0.00,0.00,0.00,0,0,0.00,0.00,0.00,0,0,0.00,0.00,0,0
1419358770,s4-eth3,0.00,0.00,0.00,0,0,0.00,0.00,0.00,0,0,0.00,0.00,0,0
1419358770,s2,0.00,0.00,0.00,0,0,0.00,0.00,0.00,0,0,0.00,0.00,0,0
1419358770,s5-eth1,0.00,0.00,0.00,0,0,0.00,0.00,0.00,0,0,0.00,0.00,0,0
1419358770,total,2488949.00,2539252.75,5028202.00,2541792,2491438,1636.36,1653.35,3289.71,1655,1638,0.00,0.00,0,0
1419358771,s3,0.00,0.00,0.00,0,0,0.00,0.00,0.00,0,0,0.00,0.00,0,0
1419358771,s1-eth1,1222084.00,27164.84,1249248.75,27192,1223306,412.59,411.59,824.18,412,413,0.00,0.00,0,0
1419358771,s1-eth3,17868.13,864040.00,881908.12,864904,17886,270.73,291.71,562.44,292,271,0.00,0.00,0,0
1419358771,s1-eth2,9362.64,449774.25,459136.88,450224,9372,141.86,151.85,293.71,152,142,0.00,0.00,0,0
1419358771,s2-eth1,864040.00,17868.13,881908.12,17886,864904,291.71,270.73,562.44,271,292,0.00,0.00,0,0
1419358771,s4,0.00,0.00,0.00,0,0,0.00,0.00,0.00,0,0,0.00,0.00,0,0
1419358771,s2-eth3,8901.10,432020.00,440921.09,432452,8910,134.87,145.85,280.72,146,135,0.00,0.00,0,0
1419358771,s2-eth2,8967.03,434979.03,443946.06,435414,8976,135.86,146.85,282.72,147,136,0.00,0.00,0,0
1419358771,s3-eth1,432020.00,8901.10,440921.09,8910,432452,145.85,134.87,280.72,135,146,0.00,0.00,0,0
1419358771,s5,0.00,0.00,0.00,0,0,0.00,0.00,0.00,0,0,0.00,0.00,0,0
1419358771,s3-eth2,8901.10,432020.00,440921.09,432452,8910,134.87,145.85,280.72,146,135,0.00,0.00,0,0
1419358771,s3-eth3,0.00,0.00,0.00,0,0,0.00,0.00,0.00,0,0,0.00,0.00,0,0
1419358771,eth0,0.00,0.00,0.00,0,0,0.00,0.00,0.00,0,0,0.00,0.00,0,0
1419358771,lo,0.00,0.00,0.00,0,0,0.00,0.00,0.00,0,0,0.00,0.00,0,0
1419358771,s1,0.00,0.00,0.00,0,0,0.00,0.00,0.00,0,0,0.00,0.00,0,0
1419358771,s4-eth1,0.00,0.00,0.00,0,0,0.00,0.00,0.00,0,0,0.00,0.00,0,0
1419358771,s4-eth3,0.00,0.00,0.00,0,0,0.00,0.00,0.00,0,0,0.00,0.00,0,0
1419358771,s2,0.00,0.00,0.00,0,0,0.00,0.00,0.00,0,0,0.00,0.00,0,0
1419358771,s5-eth1,0.00,0.00,0.00,0,0,0.00,0.00,0.00,0,0,0.00,0.00,0,0
1419358771,total,2572144.00,2666767.25,5238911.00,2669434,2574716,1668.33,1699.30,3367.63,1701,1670,0.00,0.00,0,0
1419358772,s3,0.00,0.00,0.00,0,0,0.00,0.00,0.00,0,0,0.00,0.00,0,0
1419358772,s1-eth1,1223820.38,27269.46,1251089.88,27324,1226268,413.17,413.17,826.35,414,414,0.00,0.00,0,0
1419358772,s1-eth3,18245.51,913431.19,931676.69,915258,18282,276.45,308.38,584.83,309,277,0.00,0.00,0,0
1419358772,s1-eth2,9023.95,443413.19,452437.12,444300,9042,136.73,149.70,286.43,150,137,0.00,0.00,0,0
1419358772,s2-eth1,913431.19,18245.51,931676.69,18282,915258,308.38,276.45,584.83,277,309,0.00,0.00,0,0
1419358772,s4,0.00,0.00,0.00,0,0,0.00,0.00,0.00,0,0,0.00,0.00,0,0
1419358772,s2-eth3,8958.08,446369.28,455327.34,447262,8976,135.73,150.70,286.43,151,136,0.00,0.00,0,0
1419358772,s2-eth2,9287.43,464105.81,473393.22,465034,9306,140.72,156.69,297.41,157,141,0.00,0.00,0,0
1419358772,s3-eth1,446369.28,8958.08,455327.34,8976,447262,150.70,135.73,286.43,136,151,0.00,0.00,0,0
1419358772,s5,0.00,0.00,0.00,0,0,0.00,0.00,0.00,0,0,0.00,0.00,0,0
1419358772,s3-eth2,8958.08,446369.28,455327.34,447262,8976,135.73,150.70,286.43,151,136,0.00,0.00,0,0
1419358772,s3-eth3,0.00,0.00,0.00,0,0,0.00,0.00,0.00,0,0,0.00,0.00,0,0
1419358772,eth0,0.00,0.00,0.00,0,0,0.00,0.00,0.00,0,0,0.00,0.00,0,0
1419358772,lo,343.31,343.31,686.63,344,344,5.99,5.99,11.98,6,6,0.00,0.00,0,0
1419358772,s1,0.00,0.00,0.00,0,0,0.00,0.00,0.00,0,0,0.00,0.00,0,0
1419358772,s4-eth1,0.00,0.00,0.00,0,0,0.00,0.00,0.00,0,0,0.00,0.00,0,0
1419358772,s4-eth3,0.00,0.00,0.00,0,0,0.00,0.00,0.00,0,0,0.00,0.00,0,0
1419358772,s2,0.00,0.00,0.00,0,0,0.00,0.00,0.00,0,0,0.00,0.00,0,0
1419358772,s5-eth1,0.00,0.00,0.00,0,0,0.00,0.00,0.00,0,0,0.00,0.00,0,0
1419358772,total,2638437.25,2768505.00,5406942.50,2774042,2643714,1703.59,1747.51,3451.10,1751,1707,0.00,0.00,0,0
1419358773,s3,0.00,0.00,0.00,0,0,0.00,0.00,0.00,0,0,0.00,0.00,0,0
1419358773,s1-eth1,1222968.12,32904.19,1255872.25,32970,1225414,422.16,422.16,844.31,423,423,0.00,0.00,0,0
1419358773,s1-eth3,21654.69,780093.81,801748.50,781654,21698,278.44,346.31,624.75,347,279,0.00,0.00,0,0
1419358773,s1-eth2,11155.69,408672.66,419828.34,409490,11178,142.71,192.61,335.33,193,143,0.00,0.00,0,0
1419358773,s2-eth1,780093.81,21654.69,801748.50,21698,781654,346.31,278.44,624.75,279,347,0.00,0.00,0,0
1419358773,s4,0.00,0.00,0.00,0,0,0.00,0.00,0.00,0,0,0.00,0.00,0,0
1419358773,s2-eth3,10716.57,385546.91,396263.47,386318,10738,136.73,170.66,307.39,171,137,0.00,0.00,0,0
1419358773,s2-eth2,10844.31,394546.91,405391.22,395336,10866,140.72,175.65,316.37,176,141,0.00,0.00,0,0
1419358773,s3-eth1,385546.91,10716.57,396263.47,10738,386318,170.66,136.73,307.39,137,171,0.00,0.00,0,0
1419358773,s5,0.00,0.00,0.00,0,0,0.00,0.00,0.00,0,0,0.00,0.00,0,0
1419358773,s3-eth2,10716.57,385546.91,396263.47,386318,10738,136.73,170.66,307.39,171,137,0.00,0.00,0,0
1419358773,s3-eth3,0.00,0.00,0.00,0,0,0.00,0.00,0.00,0,0,0.00,0.00,0,0
1419358773,eth0,0.00,0.00,0.00,0,0,0.00,0.00,0.00,0,0,0.00,0.00,0,0
1419358773,lo,0.00,0.00,0.00,0,0,0.00,0.00,0.00,0,0,0.00,0.00,0,0
1419358773,s1,0.00,0.00,0.00,0,0,0.00,0.00,0.00,0,0,0.00,0.00,0,0
1419358773,s4-eth1,0.00,0.00,0.00,0,0,0.00,0.00,0.00,0,0,0.00,0.00,0,0
1419358773,s4-eth3,0.00,0.00,0.00,0,0,0.00,0.00,0.00,0,0,0.00,0.00,0,0
1419358773,s2,0.00,0.00,0.00,0,0,0.00,0.00,0.00,0,0,0.00,0.00,0,0
1419358773,s5-eth1,0.00,0.00,0.00,0,0,0.00,0.00,0.00,0,0,0.00,0.00,0,0
1419358773,total,2456148.00,2422100.00,4878248.00,2424522,2458604,1776.22,1895.10,3671.33,1897,1778,0.00,0.00,0,0
1419358774,s4,0.00,0.00,0.00,0,0,0.00,0.00,0.00,0,0,0.00,0.00,0,0
1419358774,s5,0.00,0.00,0.00,0,0,0.00,0.00,0.00,0,0,0.00,0.00,0,0
1419358774,s3-eth3,0.00,0.00,0.00,0,0,0.00,0.00,0.00,0,0,0.00,0.00,0,0
1419358774,eth0,2245.75,1318.68,3564.44,1320,2248,19.98,19.98,39.96,20,20,0.00,0.00,0,0
1419358774,lo,979.02,979.02,1958.04,980,980,18.98,18.98,37.96,19,19,0.00,0.00,0,0
1419358774,s4-eth1,0.00,0.00,0.00,0,0,0.00,0.00,0.00,0,0,0.00,0.00,0,0
1419358774,s4-eth3,0.00,0.00,0.00,0,0,0.00,0.00,0.00,0,0,0.00,0.00,0,0
1419358774,s5-eth1,0.00,0.00,0.00,0,0,0.00,0.00,0.00,0,0,0.00,0.00,0,0
1419358774,total,18428316258828025856.00,18428316258828025856.00,18428316258828025856.00,18446744073630942995,18446744073632333623,18428316258827970560.00,18428316258827970560.00,18428316258827915264.00,18446744073709495436,18446744073709496258,0.00,0.00,0,0
1419358775,s4,0.00,0.00,0.00,0,0,0.00,0.00,0.00,0,0,0.00,0