1419358825,s3,0.00,0.00,0.00,0,0,0.00,0.00,0.00,0,0,0.00,0.00,0,0
1419358825,s1-eth1,0.00,0.00,0.00,0,0,0.00,0.00,0.00,0,0,0.00,0.00,0,0
1419358825,s1-eth3,0.00,0.00,0.00,0,0,0.00,0.00,0.00,0,0,0.00,0.00,0,0
1419358825,s1-eth2,0.00,0.00,0.00,0,0,0.00,0.00,0.00,0,0,0.00,0.00,0,0
1419358825,s4,0.00,0.00,0.00,0,0,0.00,0.00,0.00,0,0,0.00,0.00,0,0
1419358825,s2-eth1,0.00,0.00,0.00,0,0,0.00,0.00,0.00,0,0,0.00,0.00,0,0
1419358825,s2-eth3,0.00,0.00,0.00,0,0,0.00,0.00,0.00,0,0,0.00,0.00,0,0
1419358825,s2-eth2,0.00,0.00,0.00,0,0,0.00,0.00,0.00,0,0,0.00,0.00,0,0
1419358825,s5,0.00,0.00,0.00,0,0,0.00,0.00,0.00,0,0,0.00,0.00,0,0
1419358825,s3-eth1,0.00,0.00,0.00,0,0,0.00,0.00,0.00,0,0,0.00,0.00,0,0
1419358825,s3-eth3,0.00,0.00,0.00,0,0,0.00,0.00,0.00,0,0,0.00,0.00,0,0
1419358825,s3-eth2,0.00,0.00,0.00,0,0,0.00,0.00,0.00,0,0,0.00,0.00,0,0
1419358825,eth0,0.00,0.00,0.00,0,0,0.00,0.00,0.00,0,0,0.00,0.00,0,0
1419358825,lo,0.00,0.00,0.00,0,0,0.00,0.00,0.00,0,0,0.00,0.00,0,0
1419358825,s1,0.00,0.00,0.00,0,0,0.00,0.00,0.00,0,0,0.00,0.00,0,0
1419358825,s4-eth1,0.00,0.00,0.00,0,0,0.00,0.00,0.00,0,0,0.00,0.00,0,0
1419358825,s4-eth3,0.00,0.00,0.00,0,0,0.00,0.00,0.00,0,0,0.00,0.00,0,0
1419358825,s4-eth2,0.00,0.00,0.00,0,0,0.00,0.00,0.00,0,0,0.00,0.00,0,0
1419358825,s2,0.00,0.00,0.00,0,0,0.00,0.00,0.00,0,0,0.00,0.00,0,0
1419358825,s5-eth1,0.00,0.00,0.00,0,0,0.00,0.00,0.00,0,0,0.00,0.00,0,0
1419358825,s5-eth2,0.00,0.00,0.00,0,0,0.00,0.00,0.00,0,0,0.00,0.00,0,0
1419358825,total,0.00,0.00,0.00,0,0,0.00,0.00,0.00,0,0,0.00,0.00,0,0
1419358826,s3,0.00,0.00,0.00,0,0,0.00,0.00,0.00,0,0,0.00,0.00,0,0
1419358826,s1-eth1,1226268.00,27390.00,1253658.00,27390,1226268,414.00,415.00,829.00,415,414,0.00,0.00,0,0
1419358826,s1-eth3,21384.00,1004118.00,1025502.00,1004118,21384,324.00,339.00,663.00,339,324,0.00,0.00,0,0
1419358826,s1-eth2,6006.00,278428.00,284434.00,278428,6006,91.00,94.00,185.00,94,91,0.00,0.00,0,0
1419358826,s4,0.00,0.00,0.00,0,0,0.00,0.00,0.00,0,0,0.00,0.00,0,0
1419358826,s2-eth1,1004118.00,21384.00,1025502.00,21384,1004118,339.00,324.00,663.00,324,339,0.00,0.00,0,0
1419358826,s2-eth3,15642.00,734576.00,750218.00,734576,15642,237.00,248.00,485.00,248,237,0.00,0.00,0,0
1419358826,s2-eth2,5742.00,269542.00,275284.00,269542,5742,87.00,91.00,178.00,91,87,0.00,0.00,0,0
1419358826,s5,0.00,0.00,0.00,0,0,0.00,0.00,0.00,0,0,0.00,0.00,0,0
1419358826,s3-eth1,734576.00,15642.00,750218.00,15642,734576,248.00,237.00,485.00,237,248,0.00,0.00,0,0
1419358826,s3-eth3,10692.00,503540.00,514232.00,503540,10692,162.00,170.00,332.00,170,162,0.00,0.00,0,0
1419358826,s3-eth2,4950.00,228074.00,233024.00,228074,4950,75.00,77.00,152.00,77,75,0.00,0.00,0,0
1419358826,eth0,0.00,0.00,0.00,0,0,0.00,0.00,0.00,0,0,0.00,0.00,0,0
1419358826,lo,0.00,0.00,0.00,0,0,0.00,0.00,0.00,0,0,0.00,0.00,0,0
1419358826,s1,0.00,0.00,0.00,0,0,0.00,0.00,0.00,0,0,0.00,0.00,0,0
1419358826,s4-eth1,503036.97,10681.32,513718.28,10692,503540,169.83,161.84,331.67,162,170,0.00,0.00,0,0
1419358826,s4-eth3,5010.99,233764.23,238775.23,233998,5016,75.92,78.92,154.85,79,76,0.00,0.00,0,0
1419358826,s4-eth2,5736.26,269272.75,275009.00,269542,5742,86.91,90.91,177.82,91,87,0.00,0.00,0,0
1419358826,s2,0.00,0.00,0.00,0,0,0.00,0.00,0.00,0,0,0.00,0.00,0,0
1419358826,s5-eth1,233764.23,5010.99,238775.23,5016,233998,78.92,75.92,154.85,76,79,0.00,0.00,0,0
1419358826,s5-eth2,5010.99,233764.23,238775.23,233998,5016,75.92,78.92,154.85,79,76,0.00,0.00,0,0
1419358826,total,3778911.25,3832108.00,7611019.00,3835940,3782690,2462.54,2479.52,4942.06,2482,2465,0.00,0.00,0,0
1419358827,s3,0.00,209.79,209.79,210,0,0.00,3.00,3.00,3,0,0.00,0.00,0,0
1419358827,s1-eth1,1222223.75,27164.84,1249388.62,27192,1223446,414.59,411.59,826.17,412,415,0.00,0.00,0,0
1419358827,s1-eth3,21234.77,985500.50,1006735.31,986486,21256,321.68,334.67,656.34,335,322,0.00,0.00,0,0
1419358827,s1-eth2,6139.86,284137.88,290277.72,284422,6146,92.91,96.90,189.81,97,93,0.00,0.00,0,0
1419358827,s4,0.00,209.79,209.79,210,0,0.00,3.00,3.00,3,0,0.00,0.00,0,0
1419358827,s2-eth1,985500.50,21234.77,1006735.31,21256,986486,334.67,321.68,656.34,322,335,0.00,0.00,0,0
1419358827,s2-eth3,15832.17,730953.06,746785.25,731684,15848,239.76,247.75,487.51,248,240,0.00,0.00,0,0
1419358827,s2-eth2,5612.39,257506.50,263118.88,257764,5618,84.92,87.91,172.83,88,85,0.00,0.00,0,0
1419358827,s5,0.00,209.79,209.79,210,0,0.00,3.00,3.00,3,0,0.00,0.00,0,0
1419358827,s3-eth1,730953.06,15832.17,746785.25,15848,731684,247.75,239.76,487.51,240,248,0.00,0.00,0,0
1419358827,s3-eth3,10623.38,485352.66,495976.03,485838,10634,160.84,164.84,325.67,165,161,0.00,0.00,0,0
1419358827,s3-eth2,5352.65,245600.41,250953.05,245846,5358,80.92,82.92,163.84,83,81,0.00,0.00,0,0
1419358827,eth0,0.00,0.00,0.00,0,0,0.00,0.00,0.00,0,0,0.00,0.00,0,0
1419358827,lo,4015.98,4015.98,8031.97,4020,4020,44.96,44.96,89.91,45,45,0.00,0.00,0,0
1419358827,s1,0.00,209.79,209.79,210,0,0.00,3.00,3.00,3,0,0.00,0.00,0,0
1419358827,s4-eth1,485352.66,10623.38,495976.03,10634,485838,164.84,160.84,325.67,161,165,0.00,0.00,0,0
1419358827,s4-eth3,5414.59,245670.34,251084.92,245916,5420,81.92,83.92,165.83,84,82,0.00,0.00,0,0
1419358827,s4-eth2,5418.58,242641.36,248059.95,242884,5424,81.92,81.92,163.84,82,82,0.00,0.00,0,0
1419358827,s2,0.00,209.79,209.79,210,0,0.00,3.00,3.00,3,0,0.00,0.00,0,0
1419358827,s5-eth1,245670.34,5414.59,251084.92,5420,245916,83.92,81.92,165.83,82,84,0.00,0.00,0,0
1419358827,s5-eth2,5414.59,245670.34,251084.92,245916,5420,81.92,83.92,165.83,84,82,0.00,0.00,0,0
1419358827,total,3754759.25,3808367.75,7563127.00,3812176,3758514,2517.48,2540.46,5057.94,2543,2520,0.00,0.00,0,0
1419358828,s3,0.00,210.00,210.00,210,0,0.00,3.00,3.00,3,0,0.00,0.00,0,0
1419358828,s1-eth1,1223516.00,27394.00,1250910.00,27394,1223516,416.00,415.00,831.00,415,416,0.00,0.00,0,0
1419358828,s1-eth3,21388.00,1004258.00,1025646.00,1004258,21388,324.00,341.00,665.00,341,324,0.00,0.00,0,0
1419358828,s1-eth2,6216.00,281390.00,287606.00,281390,6216,94.00,95.00,189.00,95,94,0.00,0.00,0,0
1419358828,s4,0.00,210.00,210.00,210,0,0.00,3.00,3.00,3,0,0.00,0.00,0,0
1419358828,s2-eth1,1004258.00,21388.00,1025646.00,21388,1004258,341.00,324.00,665.00,324,341,0.00,0.00,0,0
1419358828,s2-eth3,15514.00,731754.00,747268.00,731754,15514,235.00,249.00,484.00,249,235,0.00,0.00,0,0
1419358828,s2-eth2,6018.00,272504.00,278522.00,272504,6018,91.00,92.00,183.00,92,91,0.00,0.00,0,0
1419358828,s5,0.00,210.00,210.00,210,0,0.00,3.00,3.00,3,0,0.00,0.00,0,0
1419358828,s3-eth1,731754.00,15514.00,747268.00,15514,731754,249.00,235.00,484.00,235,249,0.00,0.00,0,0
1419358828,s3-eth3,10172.00,476952.00,487124.00,476952,10172,154.00,162.00,316.00,162,154,0.00,0.00,0,0
1419358828,s3-eth2,5618.00,254802.00,260420.00,254802,5618,85.00,87.00,172.00,87,85,0.00,0.00,0,0
1419358828,eth0,0.00,0.00,0.00,0,0,0.00,0.00,0.00,0,0,0.00,0.00,0,0
1419358828,lo,4020.00,4020.00,8040.00,4020,4020,45.00,45.00,90.00,45,45,0.00,0.00,0,0
1419358828,s1,0.00,210.00,210.00,210,0,0.00,3.00,3.00,3,0,0.00,0.00,0,0
1419358828,s4-eth1,476952.00,10172.00,487124.00,10172,476952,162.00,154.00,316.00,154,162,0.00,0.00,0,0
1419358828,s4-eth3,5292.00,239922.00,245214.00,239922,5292,80.00,81.00,161.00,81,80,0.00,0.00,0,0
1419358828,s4-eth2,5090.00,234068.00,239158.00,234068,5090,77.00,80.00,157.00,80,77,0.00,0.00,0,0
1419358828,s2,0.00,210.00,210.00,210,0,0.00,3.00,3.00,3,0,0.00,0.00,0,0
1419358828,s5-eth1,239922.00,5292.00,245214.00,5292,239922,81.00,80.00,161.00,80,81,0.00,0.00,0,0
1419358828,s5-eth2,5292.00,239922.00,245214.00,239922,5292,80.00,81.00,161.00,81,80,0.00,0.00,0,0
1419358828,total,3761022.00,3820402.00,7581424.00,3820402,3761022,2514.00,2536.00,5050.00,2536,2514,0.00,0.00,0,0
1419358829,s3,0.00,0.00,0.00,0,0,0.00,0.00,0.00,0,0,0.00,0.00,0,0
1419358829,s1-eth1,1222084.00,27296.70,1249380.62,27324,1223306,412.59,413.59,826.17,414,413,0.00,0.00,0,0
1419358829,s1-eth3,21332.67,994405.62,1015738.31,995400,21354,324.68,339.66,664.34,340,325,0.00,0.00,0,0
1419358829,s1-eth2,6233.77,284235.78,290469.53,284520,6240,95.90,99.90,195.80,100,96,0.00,0.00,0,0
1419358829,s4,0.00,0.00,0.00,0,0,0.00,0.00,0.00,0,0,0.00,0.00,0,0
1419358829,s2-eth1,994405.62,21332.67,1015738.31,21354,995400,339.66,324.68,664.34,325,340,0.00,0.00,0,0
1419358829,s2-eth3,16339.66,751848.19,768187.81,752600,16356,249.75,259.74,509.49,260,250,0.00,0.00,0,0
1419358829,s2-eth2,5244.76,239850.16,245094.91,240090,5250,80.92,84.92,165.83,85,81,0.00,0.00,0,0
1419358829,s5,0.00,0.00,0.00,0,0,0.00,0.00,0.00,0,0,0.00,0.00,0,0
1419358829,s3-eth1,751848.19,16339.66,768187.81,16356,752600,259.74,249.75,509.49,250,260,0.00,0.00,0,0
1419358829,s3-eth3,10999.00,503288.72,514287.72,503792,11010,168.83,175.82,344.66,176,169,0.00,0.00,0,0
1419358829,s3-eth2,5508.49,251686.33,257194.81,251938,5514,84.92,88.91,173.83,89,85,0.00,0.00,0,0
1419358829,eth0,0.00,0.00,0.00,0,0,0.00,0.00,0.00,0,0,0.00,0.00,0,0
1419358829,lo,16079.92,16079.92,32159.84,16096,16096,147.85,147.85,295.70,148,148,0.00,0.00,0,0
1419358829,s1,0.00,0.00,0.00,0,0,0.00,0.00,0.00,0,0,0.00,0.00,0,0
1419358829,s4-eth1,503288.72,10999.00,514287.72,11010,503792,175.82,168.83,344.66,169,176,0.00,0.00,0,0
1419358829,s4-eth3,5640.36,254645.36,260285.72,254900,5646,86.91,89.91,176.82,90,87,0.00,0.00,0,0
1419358829,s4-eth2,5442.56,248727.28,254169.84,248976,5448,83.92,87.91,171.83,88,84,0.00,0.00,0,0
1419358829,s2,0.00,0.00,0.00,0,0,0.00,0.00,0.00,0,0,0.00,0.00,0,0
1419358829,s5-eth1,254645.36,5640.36,260285.72,5646,254900,89.91,86.91,176.82,87,90,0.00,0.00,0,0
1419358829,s5-eth2,5574.43,254645.36,260219.78,254900,5580,85.91,89.91,175.82,90,86,0.00,0.00,0,0
1419358829,total,3824667.50,3881021.00,7705688.50,3884902,3828492,2687.31,2708.29,5395.60,2711,2690,0.00,0.00,0,0
1419358830,s3,0.00,0.00,0.00,0,0,0.00,0.00,0.00,0,0,0.00,0.00,0,0
1419358830,s1-eth1,1222084.00,27200.80,1249284.75,27228,1223306,412.59,411.59,824.18,412,413,0.00,0.00,0,0
1419358830,s1-eth3,21398.60,1074197.88,1095596.38,1075272,21420,323.68,363.64,687.31,364,324,0.00,0.00,0,0
1419358830,s1-eth2,5868.13,292945.06,298813.19,293238,5874,88.91,98.90,187.81,99,89,0.00,0.00,0,0
1419358830,s4,0.00,0.00,0.00,0,0,0.00,0.00,0.00,0,0,0.00,0.00,0,0
1419358830,s2-eth1,1074197.88,21398.60,1095596.38,21420,1075272,363.64,323.68,687.31,324,364,0.00,0.00,0,0
1419358830,s2-eth3,16111.89,810843.19,826955.06,811654,16128,243.76,274.73,518.48,275,244,0.00,0.00,0,0
1419358830,s2-eth2,5274.73,263354.66,268629.38,263618,5280,79.92,88.91,168.83,89,80,0.00,0.00,0,0
1419358830,s5,0.00,0.00,0.00,0,0,0.00,0.00,0.00,0,0,0.00,0.00,0,0
1419358830,s3-eth1,810843.19,16111.89,826955.06,16128,811654,274.73,243.76,518.48,244,275,0.00,0.00,0,0
1419358830,s3-eth3,10417.58,526709.31,537126.88,527236,10428,157.84,177.82,335.66,178,158,0.00,0.00,0,0
1419358830,s3-eth2,5694.31,285646.38,291340.66,285932,5700,85.91,97.90,183.82,98,86,0.00,0.00,0,0
1419358830,eth0,0.00,0.00,0.00,0,0,0.00,0.00,0.00,0,0,0.00,0.00,0,0
1419358830,lo,0.00,0.00,0.00,0,0,0.00,0.00,0.00,0,0,0.00,0.00,0,0
1419358830,s1,0.00,0.00,0.00,0,0,0.00,0.00,0.00,0,0,0.00,0.00,0,0
1419358830,s4-eth1,526709.31,10417.58,537126.88,10428,527236,177.82,157.84,335.66,158,178,0.00,0.00,0,0
1419358830,s4-eth3,5472.53,281108.91,286581.44,281390,5478,82.92,94.91,177.82,95,83,0.00,0.00,0,0
1419358830,s4-eth2,4945.06,245600.41,250545.47,245846,4950,74.93,82.92,157.84,83,75,0.00,0.00,0,0
1419358830,s2,0.00,0.00,0.00,0,0,0.00,0.00,0.00,0,0,0.00,0.00,0,0
1419358830,s5-eth1,281108.91,5472.53,286581.44,5478,281390,94.91,82.92,177.82,83,95,0.00,0.00,0,0
1419358830,s5-eth2,5538.46,281108.91,286647.38,281390,5544,83.92,94.91,178.82,95,84,0.00,0.00,0,0
1419358830,total,3995664.50,4142116.00,8137780.50,4146258,3999660,2545.45,2594.41,5139.86,2597,2548,0.00,0.00,0,0
1419358831,s3,0.00,209.79,209.79,210,0,0.00,3.00,3.00,3,0,0.00,0.00,0,0
1419358831,s1-eth1,1230997.00,48869.13,1279866.12,48918,1232228,547.45,544.46,1091.91,545,548,0.00,0.00,0,0
1419358831,s1-eth3,40669.33,963116.94,1003786.25,964080,40710,452.55,543.46,996.00,544,453,0.00,0.00,0,0
1419358831,s1-eth2,8315.68,274089.91,282405.59,274364,8324,93.91,163.84,257.74,164,94,0.00,0.00,0,0
1419358831,s4,0.00,209.79,209.79,210,0,0.00,3.00,3.00,3,0,0.00,0.00,0,0
1419358831,s2-eth1,963116.94,40669.33,1003786.25,40710,964080,543.46,452.55,996.00,453,544,0.00,0.00,0,0
1419358831,s2-eth3,30795.21,751434.56,782229.81,752186,30826,346.65,426.57,773.23,427,347,0.00,0.00,0,0
1419358831,s2-eth2,10067.93,211682.33,221750.25,211894,10078,108.89,116.88,225.77,117,109,0.00,0.00,0,0
1419358831,s5,0.00,209.79,209.79,210,0,0.00,3.00,3.00,3,0,0.00,0.00,0,0
1419358831,s3-eth1,751434.56,30795.21,782229.81,30826,752186,426.57,346.65,773.23,347,427,0.00,0.00,0,0
1419358831,s3-eth3,21860.14,521932.09,543792.25,522454,21882,250.75,280.72,531.47,281,251,0.00,0.00,0,0
1419358831,s3-eth2,9050.95,225030.97,234081.92,225256,9060,97.90,143.86,241.76,144,98,0.00,0.00,0,0
1419358831,eth0,0.00,0.00,0.00,0,0,0.00,0.00,0.00,0,0,0.00,0.00,0,0
1419358831,lo,4015.98,4015.98,8031.97,4020,4020,44.96,44.96,89.91,45,45,0.00,0.00,0,0
1419358831,s1,0.00,209.79,209.79,210,0,0.00,3.00,3.00,3,0,0.00,0.00,0,0
1419358831,s4-eth1,521932.09,21860.14,543792.25,21882,522454,280.72,250.75,531.47,251,281,0.00,0.00,0,0
1419358831,s4-eth3,10055.94,230491.52,240547.45,230722,10066,112.89,138.86,251.75,139,113,0.00,0.00,0,0
1419358831,s4-eth2,11920.08,291440.56,303360.66,291732,11932,139.86,141.86,281.72,142,140,0.00,0.00,0,0
1419358831,s2,0.00,209.79,209.79,210,0,0.00,3.00,3.00,3,0,0.00,0.00,0,0
1419358831,s5-eth1,230491.52,10055.94,240547.45,10066,230722,138.86,112.89,251.75,113,139,0.00,0.00,0,0
1419358831,s5-eth2,10055.94,230491.52,240547.45,230722,10066,112.89,138.86,251.75,139,113,0.00,0.00,0,0
1419358831,total,3854779.25,3857025.00,7711804.50,3860882,3858634,3698.30,3862.14,7560.44,3866,3702,0.00,0.00,0,0
1419358832,s3,0.00,209.79,209.79,210,0,0.00,3.00,3.00,3,0,0.00,0.00,0,0
1419358832,s1-eth1,1239762.25,54741.26,1294503.50,54796,1241002,680.32,667.33,1347.65,668,681,0.00,0.00,0,0
1419358832,s1-eth3,43224.78,977043.00,1020267.75,978020,43268,543.46,469.53,1012.99,470,544,0.00,0.00,0,0
1419358832,s1-eth2,11820.18,275594.41,287414.59,275870,11832,127.87,142.86,270.73,143,128,0.00,0.00,0,0
1419358832,s4,0.00,209.79,209.79,210,0,0.00,3.00,3.00,3,0,0.00,0.00,0,0
1419358832,s2-eth1,977043.00,43224.78,1020267.75,43268,978020,469.53,543.46,1012.99,544,470,0.00,0.00,0,0
1419358832,s2-eth3,33458.54,774637.38,808095.94,775412,33492,419.58,361.64,781.22,362,420,0.00,0.00,0,0
1419358832,s2-eth2,10004.00,205364.64,215368.64,205570,10014,126.87,108.89,235.76,109,127,0.00,0.00,0,0
1419358832,s5,0.00,209.79,209.79,210,0,0.00,3.00,3.00,3,0,0.00,0.00,0,0
1419358832,s3-eth1,774637.38,33458.54,808095.94,33492,775412,361.64,419.58,781.22,420,362,0.00,0.00,0,0
1419358832,s3-eth3,18467.53,453206.81,471674.34,453660,18486,234.77,203.80,438.56,204,235,0.00,0.00,0,0
1419358832,s3-eth2,15294.71,321430.59,336725.28,321752,15310,188.81,157.84,346.65,158,189,0.00,0.00,0,0
1419358832,eth0,0.00,0.00,0.00,0,0,0.00,0.00,0.00,0,0,0.00,0.00,0,0
1419358832,lo,4015.98,4015.98,8031.97,4020,4020,44.96,44.96,89.91,45,45,0.00,0.00,0,0
1419358832,s1,0.00,209.79,209.79,210,0,0.00,3.00,3.00,3,0,0.00,0.00,0,0
1419358832,s4-eth1,453206.81,18467.53,471674.34,18486,453660,203.80,234.77,438.56,235,204,0.00,0.00,0,0
1419358832,s4-eth3,10863.14,209704.30,220567.44,209914,10874,132.87,108.89,241.76,109,133,0.00,0.00,0,0
1419358832,s4-eth2,7908.09,243502.50,251410.59,243746,7916,105.89,94.91,200.80,95,106,0.00,0.00,0,0
1419358832,s2,0.00,209.79,209.79,210,0,0.00,3.00,3.00,3,0,0.00,0.00,0,0
1419358832,s5-eth1,209704.30,10863.14,220567.44,10874,209914,108.89,132.87,241.76,133,109,0.00,0.00,0,0
1419358832,s5-eth2,10863.14,209704.30,220567.44,209914,10874,132.87,108.89,241.76,109,133,0.00,0.00,0,0
1419358832,total,3820273.75,3836008.00,7656282.00,3839844,3824094,3882.12,3815.18,7697.30,3819,3886,0.00,0.00,0,0
1419358833,s3,0.00,0.00,0.00,0,0,0.00,0.00,0.00,0,0,0.00,0.00,0,0
1419358833,s1-eth1,1224164.00,28050.00,1252214.00,28050,1224164,426.00,425.00,851.00,425,426,0.00,0.00,0,0
1419358833,s1-eth3,21978.00,992270.00,1014248.00,992270,21978,333.00,335.00,668.00,335,333,0.00,0.00,0,0
1419358833,s1-eth2,6006.00,278626.00,284632.00,278626,6006,91.00,97.00,188.00,97,91,0.00,0.00,0,0
1419358833,s4,0.00,0.00,0.00,0,0,0.00,0.00,0.00,0,0,0.00,0.00,0,0
1419358833,s2-eth1,992270.00,21978.00,1014248.00,21978,992270,335.00,333.00,668.00,333,335,0.00,0.00,0,0
1419358833,s2-eth3,17952.00,799740.00,817692.00,799740,17952,272.00,270.00,542.00,270,272,0.00,0.00,0,0
1419358833,s2-eth2,4092.00,189568.00,193660.00,189568,4092,62.00,64.00,126.00,64,62,0.00,0.00,0,0
1419358833,s5,0.00,0.00,0.00,0,0,0.00,0.00,0.00,0,0,0.00,0.00,0,0
1419358833,s3-eth1,799740.00,17952.00,817692.00,17952,799740,270.00,272.00,542.00,272,270,0.00,0.00,0,0
1419358833,s3-eth3,12210.00,536122.00,548332.00,536122,12210,185.00,181.00,366.00,181,185,0.00,0.00,0,0
1419358833,s3-eth2,5676.00,263618.00,269294.00,263618,5676,86.00,89.00,175.00,89,86,0.00,0.00,0,0
1419358833,eth0,0.00,0.00,0.00,0,0,0.00,0.00,0.00,0,0,0.00,0.00,0,0
1419358833,lo,0.00,0.00,0.00,0,0,0.00,0.00,0.00,0,0,0.00,0.00,0,0
1419358833,s1,0.00,0.00,0.00,0,0,0.00,0.00,0.00,0,0,0.00,0.00,0,0
1419358833,s4-eth1,536122.00,12210.00,548332.00,12210,536122,181.00,185.00,366.00,185,181,0.00,0.00,0,0
1419358833,s4-eth3,4818.00,198454.00,203272.00,198454,4818,73.00,67.00,140.00,67,73,0.00,0.00,0,0
1419358833,s4-eth2,7392.00,337668.00,345060.00,337668,7392,112.00,114.00,226.00,114,112,0.00,0.00,0,0
1419358833,s2,0.00,0.00,0.00,0,0,0.00,0.00,0.00,0,0,0.00,0.00,0,0
1419358833,s5-eth1,198454.00,4818.00,203272.00,4818,198454,67.00,73.00,140.00,73,67,0.00,0.00,0,0
1419358833,s5-eth2,4818.00,198454.00,203272.00,198454,4818,73.00,67.00,140.00,67,73,0.00,0.00,0,0
1419358833,total,3835692.00,3879528.00,7715220.00,3879528,3835692,2566.00,2572.00,5138.00,2572,2566,0.00,0.00,0,0
1419358834,s3,0.00,0.00,0.00,0,0,0.00,0.00,0.00,0,0,0.00,0.00,0,0
1419358834,s1-eth1,1223306.00,27258.00,1250564.00,27258,1223306,413.00,413.00,826.00,413,413,0.00,0.00,0,0
1419358834,s1-eth3,20394.00,918220.00,938614.00,918220,20394,309.00,310.00,619.00,310,309,0.00,0.00,0,0
1419358834,s1-eth2,6864.00,313972.00,320836.00,313972,6864,104.00,106.00,210.00,106,104,0.00,0.00,0,0
1419358834,s4,0.00,0.00,0.00,0,0,0.00,0.00,0.00,0,0,0.00,0.00,0,0
1419358834,s2-eth1,918220.00,20394.00,938614.00,20394,918220,310.00,309.00,619.00,309,310,0.00,0.00,0,0
1419358834,s2-eth3,16170.00,728652.00,744822.00,728652,16170,245.00,246.00,491.00,246,245,0.00,0.00,0,0
1419358834,s2-eth2,4224.00,189568.00,193792.00,189568,4224,64.00,64.00,128.00,64,64,0.00,0.00,0,0
1419358834,s5,0.00,0.00,0.00,0,0,0.00,0.00,0.00,0,0,0.00,0.00,0,0
1419358834,s3-eth1,728652.00,16170.00,744822.00,16170,728652,246.00,245.00,491.00,245,246,0.00,0.00,0,0
1419358834,s3-eth3,9966.00,450224.00,460190.00,450224,9966,151.00,152.00,303.00,152,151,0.00,0.00,0,0
1419358834,s3-eth2,6204.00,281390.00,287594.00,281390,6204,94.00,95.00,189.00,95,94,0.00,0.00,0,0
1419358834,eth0,0.00,0.00,0.00,0,0,0.00,0.00,0.00,0,0,0.00,0.00,0,0
1419358834,lo,0.00,0.00,0.00,0,0,0.00,0.00,0.00,0,0,0.00,0.00,0,0
1419358834,s1,0.00,0.00,0.00,0,0,0.00,0.00,0.00,0,0,0.00,0.00,0,0
1419358834,s4-eth1,450224.00,9966.00,460190.00,9966,450224,152.00,151.00,303.00,151,152,0.00,0.00,0,0
1419358834,s4-eth3,4092.00,183644.00,187736.00,183644,4092,62.00,62.00,124.00,62,62,0.00,0.00,0,0
1419358834,s4-eth2,5868.13,266313.69,272181.81,266580,5874,88.91,89.91,178.82,90,89,0.00,0.00,0,0
1419358834,s2,0.00,0.00,0.00,0,0,0.00,0.00,0.00,0,0,0.00,0.00,0,0
1419358834,s5-eth1,183460.55,4087.91,187548.45,4092,183644,61.94,61.94,123.88,62,62,0.00,0.00,0,0
1419358834,s5-eth2,4087.91,183460.55,187548.45,183644,4092,61.94,61.94,123.88,62,62,0.00,0.00,0,0
1419358834,total,3578347.75,3590184.00,7168531.50,3593774,3581926,2360.64,2364.64,4725.27,2367,2363,0.00,0.00,0,0
1419358835,s3,0.00,0.00,0.00,0,0,0.00,0.00,0.00,0,0,0.00,0.00,0,0
1419358835,s1-eth1,1222084.00,27230.77,1249314.75,27258,1223306,412.59,412.59,825.17,413,413,0.00,0.00,0,0
1419358835,s1-eth3,20505.49,920261.75,940767.25,921182,20526,310.69,310.69,621.38,311,311,0.00,0.00,0,0
1419358835,s1-eth2,6791.21,307740.28,314531.47,308048,6798,102.90,103.90,206.79,104,103,0.00,0.00,0,0
1419358835,s4,0.00,0.00,0.00,0,0,0.00,0.00,0.00,0,0,0.00,0.00,0,0
1419358835,s2-eth1,920261.75,20505.49,940767.25,20526,921182,310.69,310.69,621.38,311,311,0.00,0.00,0,0
1419358835,s2-eth3,16236.00,731614.00,747850.00,731614,16236,246.00,247.00,493.00,247,246,0.00,0.00,0,0
1419358835,s2-eth2,4224.00,189568.00,193792.00,189568,4224,64.00,64.00,128.00,64,64,0.00,0.00,0,0
1419358835,s5,0.00,0.00,0.00,0,0,0.00,0.00,0.00,0,0,0.00,0.00,0,0
1419358835,s3-eth1,730883.12,16219.78,747102.94,16236,731614,246.75,245.75,492.51,246,247,0.00,0.00,0,0
1419358835,s3-eth3,10483.52,467528.47,478012.00,467996,10494,158.84,157.84,316.68,158,159,0.00,0.00,0,0
1419358835,s3-eth2,5802.20,260395.61,266197.81,260656,5808,87.91,87.91,175.82,88,88,0.00,0.00,0,0
1419358835,eth0,0.00,0.00,0.00,0,0,0.00,0.00,0.00,0,0,0.00,0.00,0,0
1419358835,lo,0.00,0.00,0.00,0,0,0.00,0.00,0.00,0,0,0.00,0.00,0,0
1419358835,s1,0.00,0.00,0.00,0,0,0.00,0.00,0.00,0,0,0.00,0.00,0,0
1419358835,s4-eth1,470487.53,10483.52,480971.03,10494,470958,158.84,158.84,317.68,159,159,0.00,0.00,0,0
1419358835,s4-eth3,3758.24,168665.34,172423.58,168834,3762,56.94,56.94,113.89,57,57,0.00,0.00,0,0
1419358835,s4-eth2,6725.27,301822.19,308547.47,302124,6732,101.90,101.90,203.80,102,102,0.00,0.00,0,0
1419358835,s2,0.00,0.00,0.00,0,0,0.00,0.00,0.00,0,0,0.00,0.00,0,0
1419358835,s5-eth1,168665.34,3758.24,172423.58,3762,168834,56.94,56.94,113.89,57,57,0.00,0.00,0,0
1419358835,s5-eth2,3758.24,168665.34,172423.58,168834,3762,56.94,56.94,113.89,57,57,0.00,0.00,0,0
1419358835,total,3590645.50,3593538.50,7184184.00,3597132,3594236,2371.63,2371.63,4743.26,2374,2374,0.00,0.00,0,0
1419358836,s3,0.00,0.00,0.00,0,0,0.00,0.00,0.00,0,0,0.00,0.00,0,0
1419358836,s1-eth1,1225043.00,27230.77,1252273.75,27258,1226268,413.59,412.59,826.17,413,414,0.00,0.00,0,0
1419358836,s1-eth3,20901.10,943934.06,964835.19,944878,20922,316.68,318.68,635.36,319,317,0.00,0.00,0,0
1419358836,s1-eth2,6329.67,284067.94,290397.62,284352,6336,95.90,95.90,191.81,96,96,0.00,0.00,0,0
1419358836,s4,0.00,0.00,0.00,0,0,0.00,0.00,0.00,0,0,0.00,0.00,0,0
1419358836,s2-eth1,943934.06,20901.10,964835.19,20922,944878,318.68,316.68,635.36,317,319,0.00,0.00,0,0
1419358836,s2-eth3,16945.05,763432.56,780377.62,764196,16962,256.74,257.74,514.49,258,257,0.00,0.00,0,0
1419358836,s2-eth2,3956.04,180501.50,184457.55,180682,3960,59.94,60.94,120.88,61,60,0.00,0.00,0,0
1419358836,s5,0.00,0.00,0.00,0,0,0.00,0.00,0.00,0,0,0.00,0.00,0,0
1419358836,s3-eth1,764196.00,16962.00,781158.00,16962,764196,258.00,257.00,515.00,257,258,0.00,0.00,0,0
1419358836,s3-eth3,10956.00,497616.00,508572.00,497616,10956,166.00,168.00,334.00,168,166,0.00,0.00,0,0
1419358836,s3-eth2,6006.00,266580.00,272586.00,266580,6006,91.00,90.00,181.00,90,91,0.00,0.00,0,0
1419358836,eth0,0.00,0.00,0.00,0,0,0.00,0.00,0.00,0,0,0.00,0.00,0,0
1419358836,lo,0.00,0.00,0.00,0,0,0.00,0.00,0.00,0,0,0.00,0.00,0,0
1419358836,s1,0.00,0.00,0.00,0,0,0.00,0.00,0.00,0,0,0.00,0.00,0,0
1419358836,s4-eth1,494654.00,10956.00,505610.00,10956,494654,167.00,166.00,333.00,166,167,0.00,0.00,0,0
1419358836,s4-eth3,4158.00,186606.00,190764.00,186606,4158,63.00,63.00,126.00,63,63,0.00,0.00,0,0
1419358836,s4-eth2,6798.00,308048.00,314846.00,308048,6798,103.00,104.00,207.00,104,103,0.00,0.00,0,0
1419358836,s2,0.00,0.00,0.00,0,0,0.00,0.00,0.00,0,0,0.00,0.00,0,0
1419358836,s5-eth1,186606.00,4158.00,190764.00,4158,186606,63.00,63.00,126.00,63,63,0.00,0.00,0,0
1419358836,s5-eth2,4158.00,186606.00,190764.00,186606,4158,63.00,63.00,126.00,63,63,0.00,0.00,0,0
1419358836,total,3696858.00,3699820.00,7396678.00,3699820,3696858,2437.00,2438.00,4875.00,2438,2437,0.00,0.00,0,0
1419358837,s3,0.00,0.00,0.00,0,0,0.00,0.00,0.00,0,0,0.00,0.00,0,0
1419358837,s1-eth1,1222084.00,27230.77,1249314.75,27258,1223306,412.59,412.59,825.17,413,413,0.00,0.00,0,0
1419358837,s1-eth3,20703.30,949852.19,970555.50,950802,20724,313.69,320.68,634.37,321,314,0.00,0.00,0,0
1419358837,s1-eth2,6527.47,292945.06,299472.53,293238,6534,98.90,98.90,197.80,99,99,0.00,0.00,0,0
1419358837,s4,0.00,0.00,0.00,0,0,0.00,0.00,0.00,0,0,0.00,0.00,0,0
1419358837,s2-eth1,949852.19,20703.30,970555.50,20724,950802,320.68,313.69,634.37,314,321,0.00,0.00,0,0
1419358837,s2-eth3,16549.45,760473.56,777023.00,761234,16566,250.75,256.74,507.49,257,251,0.00,0.00,0,0
1419358837,s2-eth2,4219.78,195296.70,199516.48,195492,4224,63.94,65.93,129.87,66,64,0.00,0.00,0,0
1419358837,s5,0.00,0.00,0.00,0,0,0.00,0.00,0.00,0,0,0.00,0.00,0,0
1419358837,s3-eth1,760473.56,16549.45,777023.00,16566,761234,256.74,250.75,507.49,251,257,0.00,0.00,0,0
1419358837,s3-eth3,10879.12,497118.91,507998.03,497616,10890,164.84,167.83,332.67,168,165,0.00,0.00,0,0
1419358837,s3-eth2,5670.33,263354.66,269024.97,263618,5676,85.91,88.91,174.83,89,86,0.00,0.00,0,0
1419358837,eth0,0.00,0.00,0.00,0,0,0.00,0.00,0.00,0,0,0.00,0.00,0,0
1419358837,lo,859.14,859.14,1718.28,860,860,14.99,14.99,29.97,15,15,0.00,0.00,0,0
1419358837,s1,0.00,0.00,0.00,0,0,0.00,0.00,0.00,0,0,0.00,0.00,0,0
1419358837,s4-eth1,497118.91,10879.12,507998.03,10890,497616,167.83,164.84,332.67,165,168,0.00,0.00,0,0
1419358837,s4-eth3,4483.52,210091.91,214575.44,210302,4488,67.93,70.93,138.86,71,68,0.00,0.00,0,0
1419358837,s4-eth2,6395.60,292945.06,299340.66,293238,6402,96.90,98.90,195.80,99,97,0.00,0.00,0,0
1419358837,s2,0.00,0.00,0.00,0,0,0.00,0.00,0.00,0,0,0.00,0.00,0,0
1419358837,s5-eth1,210091.91,4483.52,214575.44,4488,210302,70.93,67.93,138.86,68,71,0.00,0.00,0,0
1419358837,s5-eth2,4483.52,210091.91,214575.44,210302,4488,67.93,70.93,138.86,71,68,0.00,0.00,0,0
1419358837,total,3720391.75,3752875.25,7473267.00,3756628,3724112,2454.55,2464.54,4919.08,2467,2457,0.00,0.00,0,0
1419358838,s3,0.00,0.00,0.00,0,0,0.00,0.00,0.00,0,0,0.00,0.00,0,0
1419358838,s1-eth1,1223306.00,27258.00,1250564.00,27258,1223306,413.00,413.00,826.00,413,413,0.00,0.00,0,0
1419358838,s1-eth3,21098.90,1009033.00,1030131.88,1010042,21120,319.68,340.66,660.34,341,320,0.00,0.00,0,0
1419358838,s1-eth2,6131.87,284067.94,290199.81,284352,6138,92.91,95.90,188.81,96,93,0.00,0.00,0,0
1419358838,s4,0.00,0.00,0.00,0,0,0.00,0.00,0.00,0,0,0.00,0.00,0,0
1419358838,s2-eth1,1009033.00,21098.90,1030131.88,21120,1010042,340.66,319.68,660.34,320,341,0.00,0.00,0,0
1419358838,s2-eth3,16417.58,778227.81,794645.38,779006,16434,248.75,262.74,511.49,263,249,0.00,0.00,0,0
1419358838,s2-eth2,4615.38,224887.12,229502.50,225112,4620,69.93,75.92,145.85,76,70,0.00,0.00,0,0
1419358838,s5,0.00,0.00,0.00,0,0,0.00,0.00,0.00,0,0,0.00,0.00,0,0
1419358838,s3-eth1,779006.00,16434.00,795440.00,16434,779006,263.00,249.00,512.00,249,263,0.00,0.00,0,0
1419358838,s3-eth3,10362.00,494654.00,505016.00,494654,10362,157.00,167.00,324.00,167,157,0.00,0.00,0,0
1419358838,s3-eth2,6072.00,284352.00,290424.00,284352,6072,92.00,96.00,188.00,96,92,0.00,0.00,0,0
1419358838,eth0,0.00,0.00,0.00,0,0,0.00,0.00,0.00,0,0,0.00,0.00,0,0
1419358838,lo,0.00,0.00,0.00,0,0,0.00,0.00,0.00,0,0,0.00,0.00,0,0
1419358838,s1,0.00,0.00,0.00,0,0,0.00,0.00,0.00,0,0,0.00,0.00,0,0
1419358838,s4-eth1,494654.00,10362.00,505016.00,10362,494654,167.00,157.00,324.00,157,167,0.00,0.00,0,0
1419358838,s4-eth3,3828.00,177720.00,181548.00,177720,3828,58.00,60.00,118.00,60,58,0.00,0.00,0,0
1419358838,s4-eth2,6534.00,311010.00,317544.00,311010,6534,99.00,105.00,204.00,105,99,0.00,0.00,0,0
1419358838,s2,0.00,0.00,0.00,0,0,0.00,0.00,0.00,0,0,0.00,0.00,0,0
1419358838,s5-eth1,177720.00,3828.00,181548.00,3828,177720,60.00,58.00,118.00,58,60,0.00,0.00,0,0
1419358838,s5-eth2,3762.00,177720.00,181482.00,177720,3762,57.00,60.00,117.00,60,57,0.00,0.00,0,0
1419358838,total,3763598.00,3822970.00,7586568.00,3822970,3763598,2439.00,2461.00,4900.00,2461,2439,0.00,0.00,0,0
1419358839,s3,0.00,0.00,0.00,0,0,0.00,0.00,0.00,0,0,0.00,0.00,0,0
1419358839,s1-eth1,1220344.00,27258.00,1247602.00,27258,1220344,412.00,413.00,825.00,413,412,0.00,0.00,0,0
1419358839,s1-eth3,21318.00,1048548.00,1069866.00,1048548,21318,323.00,354.00,677.00,354,323,0.00,0.00,0,0
1419358839,s1-eth2,5874.00,278428.00,284302.00,278428,5874,89.00,94.00,183.00,94,89,0.00,0.00,0,0
1419358839,s4,0.00,0.00,0.00,0,0,0.00,0.00,0.00,0,0,0.00,0.00,0,0
1419358839,s2-eth1,1048548.00,21318.00,1069866.00,21318,1048548,354.00,323.00,677.00,323,354,0.00,0.00,0,0
1419358839,s2-eth3,16698.00,814550.00,831248.00,814550,16698,253.00,275.00,528.00,275,253,0.00,0.00,0,0
1419358839,s2-eth2,4686.00,233998.00,238684.00,233998,4686,71.00,79.00,150.00,79,71,0.00,0.00,0,0
1419358839,s5,0.00,0.00,0.00,0,0,0.00,0.00,0.00,0,0,0.00,0.00,0,0
1419358839,s3-eth1,814550.00,16698.00,831248.00,16698,814550,275.00,253.00,528.00,253,275,0.00,0.00,0,0
1419358839,s3-eth3,10945.06,541504.50,552449.56,542046,10956,165.83,182.82,348.65,183,166,0.00,0.00,0,0
1419358839,s3-eth2,5670.33,275190.81,280861.16,275466,5676,85.91,92.91,178.82,93,86,0.00,0.00,0,0
1419358839,eth0,0.00,0.00,0.00,0,0,0.00,0.00,0.00,0,0,0.00,0.00,0,0
1419358839,lo,0.00,0.00,0.00,0,0,0.00,0.00,0.00,0,0,0.00,0.00,0,0
1419358839,s1,0.00,0.00,0.00,0,0,0.00,0.00,0.00,0,0,0.00,0.00,0,0
1419358839,s4-eth1,541504.50,10945.06,552449.56,10956,542046,182.82,165.83,348.65,166,183,0.00,0.00,0,0
1419358839,s4-eth3,5076.92,257436.58,262513.50,257694,5082,76.92,86.91,163.84,87,77,0.00,0.00,0,0
1419358839,s4-eth2,5868.13,284067.94,289936.06,284352,5874,88.91,95.90,184.82,96,89,0.00,0.00,0,0
1419358839,s2,0.00,0.00,0.00,0,0,0.00,0.00,0.00,0,0,0.00,0.00,0,0
1419358839,s5-eth1,257436.58,5076.92,262513.50,5082,257694,86.91,76.92,163.84,77,87,0.00,0.00,0,0
1419358839,s5-eth2,5142.86,260395.61,265538.47,260656,5148,77.92,87.91,165.83,88,78,0.00,0.00,0,0
1419358839,total,3960533.50,4072977.25,8033510.50,4077050,3964494,2540.46,2578.42,5118.88,2581,2543,0.00,0.00,0,0
1419358840,s3,0.00,0.00,0.00,0,0,0.00,0.00,0.00,0,0,0.00,0.00,0,0
1419358840,s1-eth1,1223820.38,29522.96,1253343.38,29582,1226268,413.17,412.18,825.35,413,414,0.00,0.00,0,0
1419358840,s1-eth3,23411.18,1017033.94,1040445.12,1019068,23458,328.34,389.22,717.56,390,329,0.00,0.00,0,0
1419358840,s1-eth2,6177.65,237672.66,243850.31,238148,6190,84.83,97.80,182.63,98,85,0.00,0.00,0,0
1419358840,s4,0.00,0.00,0.00,0,0,0.00,0.00,0.00,0,0,0.00,0.00,0,0
1419358840,s2-eth1,1017033.94,23411.18,1040445.12,23458,1019068,389.22,328.34,717.56,329,390,0.00,0.00,0,0
1419358840,s2-eth3,18011.98,772596.81,790608.81,774142,18048,251.50,298.40,549.90,299,252,0.00,0.00,0,0
1419358840,s2-eth2,5305.39,244437.12,249742.52,244926,5316,75.85,90.82,166.67,91,76,0.00,0.00,0,0
1419358840,s5,0.00,0.00,0.00,0,0,0.00,0.00,0.00,0,0,0.00,0.00,0,0
1419358840,s3-eth1,772596.81,18011.98,790608.81,18048,774142,298.40,251.50,549.90,252,299,0.00,0.00,0,0
1419358840,s3-eth3,12053.95,528225.81,540279.75,528754,12066,170.83,200.80,371.63,201,171,0.00,0.00,0,0
1419358840,s3-eth2,6035.93,241942.12,247978.05,242426,6048,81.84,96.81,178.64,97,82,0.00,0.00,0,0
1419358840,eth0,0.00,0.00,0.00,0,0,0.00,0.00,0.00,0,0,0.00,0.00,0,0
1419358840,lo,0.00,0.00,0.00,0,0,0.00,0.00,0.00,0,0,0.00,0.00,0,0
1419358840,s1,0.00,0.00,0.00,0,0,0.00,0.00,0.00,0,0,0.00,0.00,0,0
1419358840,s4-eth1,527698.62,12041.92,539740.56,12066,528754,200.60,170.66,371.26,171,201,0.00,0.00,0,0
1419358840,s4-eth3,5419.16,243057.89,248477.05,243544,5430,76.85,91.82,168.66,92,77,0.00,0.00,0,0
1419358840,s4-eth2,6622.75,284640.72,291263.47,285210,6636,93.81,108.78,202.59,109,94,0.00,0.00,0,0
1419358840,s2,0.00,0.00,0.00,0,0,0.00,0.00,0.00,0,0,0.00,0.00,0,0
1419358840,s5-eth1,243057.89,5419.16,248477.05,5430,243544,91.82,76.85,168.66,77,92,0.00,0.00,0,0
1419358840,s5-eth2,5419.16,241612.78,247031.94,242096,5430,76.85,91.82,168.66,92,77,0.00,0.00,0,0
1419358840,total,3872652.75,3899100.00,7771752.50,3906898,3880398,2633.73,2705.59,5339.32,2711,2639,0.00,0.00,0,0
1419358841,s3,0.00,0.00,0.00,0,0,0.00,0.00,0.00,0,0,0.00,0.00,0,0
1419358841,s1-eth1,1239241.50,64596.81,1303838.38,64726,1241720,690.62,691.62,1382.24,693,692,0.00,0.00,0,0
1419358841,s1-eth3,58499.00,1175994.00,1234493.00,1178346,58616,626.75,739.52,1366.27,741,628,0.00,0.00,0,0
1419358841,s1-eth2,6003.99,182037.92,188041.92,182402,6016,63.87,108.78,172.65,109,64,0.00,0.00,0,0
1419358841,s4,0.00,0.00,0.00,0,0,0.00,0.00,0.00,0,0,0.00,0.00,0,0
1419358841,s2-eth1,1175994.00,58499.00,1234493.00,58616,1178346,739.52,626.75,1366.27,628,741,0.00,0.00,0,0
1419358841,s2-eth3,45632.73,899554.94,945187.62,901354,45724,489.02,579.84,1068.86,581,490,0.00,0.00,0,0
1419358841,s2-eth2,12866.27,277950.09,290816.38,278506,12892,137.72,160.68,298.40,161,138,0.00,0.00,0,0
1419358841,s5,0.00,0.00,0.00,0,0,0.00,0.00,0.00,0,0,0.00,0.00,0,0
1419358841,s3-eth1,899554.94,45632.73,945187.62,45724,901354,579.84,489.02,1068.86,490,581,0.00,0.00,0,0
1419358841,s3-eth3,29778.44,580804.44,610582.88,581966,29838,320.36,370.26,690.62,371,321,0.00,0.00,0,0
1419358841,s3-eth2,15776.22,319068.94,334845.16,319388,15792,167.83,209.79,377.62,210,168,0.00,0.00,0,0
1419358841,eth0,0.00,0.00,0.00,0,0,0.00,0.00,0.00,0,0,0.00,0.00,0,0
1419358841,lo,0.00,0.00,0.00,0,0,0.00,0.00,0.00,0,0,0.00,0.00,0,0
1419358841,s1,0.00,0.00,0.00,0,0,0.00,0.00,0.00,0,0,0.00,0.00,0,0
1419358841,s4-eth1,581384.62,29808.19,611192.81,29838,581966,370.63,320.68,691.31,321,371,0.00,0.00,0,0
1419358841,s4-eth3,13758.24,277836.16,291594.41,278114,13772,149.85,176.82,326.67,177,150,0.00,0.00,0,0
1419358841,s4-eth2,16049.95,303548.47,319598.41,303852,16066,170.83,193.81,364.64,194,171,0.00,0.00,0,0
1419358841,s2,0.00,0.00,0.00,0,0,0.00,0.00,0.00,0,0,0.00,0.00,0,0
1419358841,s5-eth1,277836.16,13758.24,291594.41,13772,278114,176.82,149.85,326.67,150,177,0.00,0.00,0,0
1419358841,s5-eth2,13672.33,276323.69,289996.00,276600,13686,148.85,175.82,324.68,176,149,0.00,0.00,0,0
1419358841,total,4389512.50,4508695.50,8898208.00,4513204,4393902,4836.16,4997.00,9833.17,5002,4841,0.00,0.00,0,0
1419358842,s3,0.00,0.00,0.00,0,0,0.00,0.00,0.00,0,0,0.00,0.00,0,0
1419358842,s1-eth1,1237508.50,42297.70,1279806.25,42340,1238746,624.38,567.43,1191.81,568,625,0.00,0.00,0,0
1419358842,s1-eth3,39260.74,1170877.12,1210137.88,1172048,39300,533.47,491.51,1024.98,492,534,0.00,0.00,0,0
1419358842,s1-eth2,3064.94,120207.80,123272.73,120328,3068,33.97,67.93,101.90,68,34,0.00,0.00,0,0
1419358842,s4,0.00,0.00,0.00,0,0,0.00,0.00,0.00,0,0,0.00,0.00,0,0
1419358842,s2-eth1,1170877.12,39260.74,1210137.88,39300,1172048,491.51,533.47,1024.98,534,492,0.00,0.00,0,0
1419358842,s2-eth3,30741.26,866487.56,897228.81,867354,30772,413.59,372.63,786.21,373,414,0.00,0.00,0,0
1419358842,s2-eth2,8613.39,302877.12,311490.53,303180,8622,120.88,117.88,238.76,118,121,0.00,0.00,0,0
1419358842,s5,0.00,0.00,0.00,0,0,0.00,0.00,0.00,0,0,0.00,0.00,0,0
1419358842,s3-eth1,866487.56,30741.26,897228.81,30772,867354,372.63,413.59,786.21,414,373,0.00,0.00,0,0
1419358842,s3-eth3,20651.35,567554.44,588205.81,568122,20672,279.72,248.75,528.47,249,280,0.00,0.00,0,0
1419358842,s3-eth2,10183.82,298933.06,309116.91,299232,10194,134.87,123.88,258.74,124,135,0.00,0.00,0,0
1419358842,eth0,0.00,0.00,0.00,0,0,0.00,0.00,0.00,0,0,0.00,0.00,0,0
1419358842,lo,859.14,859.14,1718.28,860,860,14.99,14.99,29.97,15,15,0.00,0.00,0,0
1419358842,s1,0.00,0.00,0.00,0,0,0.00,0.00,0.00,0,0,0.00,0.00,0,0
1419358842,s4-eth1,568122.00,20672.00,588794.00,20672,568122,249.00,280.00,529.00,280,249,0.00,0.00,0,0
1419358842,s4-eth3,9094.00,285540.00,294634.00,285540,9094,127.00,114.00,241.00,114,127,0.00,0.00,0,0
1419358842,s4-eth2,11578.00,282582.00,294160.00,282582,11578,153.00,135.00,288.00,135,153,0.00,0.00,0,0
1419358842,s2,0.00,0.00,0.00,0,0,0.00,0.00,0.00,0,0,0.00,0.00,0,0
1419358842,s5-eth1,285540.00,9094.00,294634.00,9094,285540,114.00,127.00,241.00,127,114,0.00,0.00,0,0
1419358842,s5-eth2,9180.00,285540.00,294720.00,285540,9180,128.00,114.00,242.00,114,128,0.00,0.00,0,0
1419358842,total,4275150.00,4326964.00,8602114.00,4326964,4275150,3794.00,3725.00,7519.00,3725,3794,0.00,0.00,0,0
1419358843,s3,0.00,0.00,0.00,0,0,0.00,0.00,0.00,0,0,0.00,0.00,0,0
1419358843,s1-eth1,1225244.75,27560.44,1252805.25,27588,1226470,438.56,417.58,856.14,418,439,0.00,0.00,0,0
1419358843,s1-eth3,20637.36,929138.88,949776.25,930068,20658,312.69,313.69,626.37,314,313,0.00,0.00,0,0
1419358843,s1-eth2,6923.08,338253.75,345176.84,338592,6930,104.90,127.87,232.77,128,105,0.00,0.00,0,0
1419358843,s4,0.00,0.00,0.00,0,0,0.00,0.00,0.00,0,0,0.00,0.00,0,0
1419358843,s2-eth1,929138.88,20637.36,949776.25,20658,930068,313.69,312.69,626.37,313,314,0.00,0.00,0,0
1419358843,s2-eth3,15230.77,689456.56,704687.31,690146,15246,230.77,232.77,463.54,233,231,0.00,0.00,0,0
1419358843,s2-eth2,5406.59,248559.45,253966.05,248808,5412,81.92,83.92,165.83,84,82,0.00,0.00,0,0
1419358843,s5,0.00,0.00,0.00,0,0,0.00,0.00,0.00,0,0,0.00,0.00,0,0
1419358843,s3-eth1,689456.56,15230.77,704687.31,15246,690146,232.77,230.77,463.54,231,233,0.00,0.00,0,0
1419358843,s3-eth3,9758.24,440897.12,450655.34,441338,9768,147.85,148.85,296.70,149,148,0.00,0.00,0,0
1419358843,s3-eth2,5472.53,248559.45,254031.97,248808,5478,82.92,83.92,166.83,84,83,0.00,0.00,0,0
1419358843,eth0,0.00,0.00,0.00,0,0,0.00,0.00,0.00,0,0,0.00,0.00,0,0
1419358843,lo,0.00,0.00,0.00,0,0,0.00,0.00,0.00,0,0,0.00,0.00,0,0
1419358843,s1,0.00,0.00,0.00,0,0,0.00,0.00,0.00,0,0,0.00,0.00,0,0
1419358843,s4-eth1,440897.12,9758.24,450655.34,9768,441338,148.85,147.85,296.70,148,149,0.00,0.00,0,0
1419358843,s4-eth3,5010.99,227846.16,232857.16,228074,5016,75.92,76.92,152.85,77,76,0.00,0.00,0,0
1419358843,s4-eth2,4681.32,213050.95,217732.28,213264,4686,70.93,71.93,142.86,72,71,0.00,0.00,0,0
1419358843,s2,0.00,0.00,0.00,0,0,0.00,0.00,0.00,0,0,0.00,0.00,0,0
1419358843,s5-eth1,227846.16,5010.99,232857.16,5016,228074,76.92,75.92,152.85,76,77,0.00,0.00,0,0
1419358843,s5-eth2,5010.99,227846.16,232857.16,228074,5016,75.92,76.92,152.85,77,76,0.00,0.00,0,0
1419358843,total,3590715.50,3641806.25,7232521.50,3645448,3594306,2394.61,2401.60,4796.20,2404,2397,0.00,0.00,0,0
1419358844,s3,0.00,0.00,0.00,0,0,0.00,0.00,0.00,0,0,0.00,0.00,0,0
1419358844,s1-eth1,1223306.00,27258.00,1250564.00,27258,1223306,413.00,413.00,826.00,413,413,0.00,0.00,0,0
1419358844,s1-eth3,19668.00,888600.00,908268.00,888600,19668,298.00,300.00,598.00,300,298,0.00,0.00,0,0
1419358844,s1-eth2,7590.00,355440.00,363030.00,355440,7590,115.00,120.00,235.00,120,115,0.00,0.00,0,0
1419358844,s4,0.00,0.00,0.00,0,0,0.00,0.00,0.00,0,0,0.00,0.00,0,0
1419358844,s2-eth1,888600.00,19668.00,908268.00,19668,888600,300.00,298.00,598.00,298,300,0.00,0.00,0,0
1419358844,s2-eth3,14586.00,654602.00,669188.00,654602,14586,221.00,221.00,442.00,221,221,0.00,0.00,0,0
1419358844,s2-eth2,5082.00,228074.00,233156.00,228074,5082,77.00,77.00,154.00,77,77,0.00,0.00,0,0
1419358844,s5,0.00,0.00,0.00,0,0,0.00,0.00,0.00,0,0,0.00,0.00,0,0
1419358844,s3-eth1,654602.00,14586.00,669188.00,14586,654602,221.00,221.00,442.00,221,221,0.00,0.00,0,0
1419358844,s3-eth3,9240.00,414680.00,423920.00,414680,9240,140.00,140.00,280.00,140,140,0.00,0.00,0,0
1419358844,s3-eth2,5280.00,239922.00,245202.00,239922,5280,80.00,81.00,161.00,81,80,0.00,0.00,0,0
1419358844,eth0,0.00,0.00,0.00,0,0,0.00,0.00,0.00,0,0,0.00,0.00,0,0
1419358844,lo,0.00,0.00,0.00,0,0,0.00,0.00,0.00,0,0,0.00,0.00,0,0
1419358844,s1,0.00,0.00,0.00,0,0,0.00,0.00,0.00,0,0,0.00,0.00,0,0
1419358844,s4-eth1,414680.00,9240.00,423920.00,9240,414680,140.00,140.00,280.00,140,140,0.00,0.00,0,0
1419358844,s4-eth3,5148.00,231036.00,236184.00,231036,5148,78.00,78.00,156.00,78,78,0.00,0.00,0,0
1419358844,s4-eth2,4158.00,183644.00,187802.00,183644,4158,63.00,62.00,125.00,62,63,0.00,0.00,0,0
1419358844,s2,0.00,0.00,0.00,0,0,0.00,0.00,0.00,0,0,0.00,0.00,0,0
1419358844,s5-eth1,231036.00,5148.00,236184.00,5148,231036,78.00,78.00,156.00,78,78,0.00,0.00,0,0
1419358844,s5-eth2,5148.00,231036.00,236184.00,231036,5148,78.00,78.00,156.00,78,78,0.00,0.00,0,0
1419358844,total,3488124.00,3502934.00,6991058.00,3502934,3488124,2302.00,2307.00,4609.00,2307,2302,0.00,0.00,0,0
1419358845,s3,0.00,0.00,0.00,0,0,0.00,0.00,0.00,0,0,0.00,0.00,0,0
1419358845,s1-eth1,1223306.00,27258.00,1250564.00,27258,1223306,413.00,413.00,826.00,413,413,0.00,0.00,0,0
1419358845,s1-eth3,19338.00,870828.00,890166.00,870828,19338,293.00,294.00,587.00,294,293,0.00,0.00,0,0
1419358845,s1-eth2,7920.00,370250.00,378170.00,370250,7920,120.00,125.00,245.00,125,120,0.00,0.00,0,0
1419358845,s4,0.00,0.00,0.00,0,0,0.00,0.00,0.00,0,0,0.00,0.00,0,0
1419358845,s2-eth1,870828.00,19338.00,890166.00,19338,870828,294.00,293.00,587.00,293,294,0.00,0.00,0,0
1419358845,s2-eth3,14256.00,642754.00,657010.00,642754,14256,216.00,217.00,433.00,217,216,0.00,0.00,0,0
1419358845,s2-eth2,5082.00,228074.00,233156.00,228074,5082,77.00,77.00,154.00,77,77,0.00,0.00,0,0
1419358845,s5,0.00,0.00,0.00,0,0,0.00,0.00,0.00,0,0,0.00,0.00,0,0
1419358845,s3-eth1,642754.00,14256.00,657010.00,14256,642754,217.00,216.00,433.00,216,217,0.00,0.00,0,0
1419358845,s3-eth3,8976.00,402832.00,411808.00,402832,8976,136.00,136.00,272.00,136,136,0.00,0.00,0,0
1419358845,s3-eth2,5346.00,239922.00,245268.00,239922,5346,81.00,81.00,162.00,81,81,0.00,0.00,0,0
1419358845,eth0,0.00,0.00,0.00,0,0,0.00,0.00,0.00,0,0,0.00,0.00,0,0
1419358845,lo,0.00,0.00,0.00,0,0,0.00,0.00,0.00,0,0,0.00,0.00,0,0
1419358845,s1,0.00,0.00,0.00,0,0,0.00,0.00,0.00,0,0,0.00,0.00,0,0
1419358845,s4-eth1,402832.00,8976.00,411808.00,8976,402832,136.00,136.00,272.00,136,136,0.00,0.00,0,0
1419358845,s4-eth3,5148.00,231036.00,236184.00,231036,5148,78.00,78.00,156.00,78,78,0.00,0.00,0,0
1419358845,s4-eth2,3762.00,171796.00,175558.00,171796,3762,57.00,58.00,115.00,58,57,0.00,0.00,0,0
1419358845,s2,0.00,0.00,0.00,0,0,0.00,0.00,0.00,0,0,0.00,0.00,0,0
1419358845,s5-eth1,231036.00,5148.00,236184.00,5148,231036,78.00,78.00,156.00,78,78,0.00,0.00,0,0
1419358845,s5-eth2,5148.00,231036.00,236184.00,231036,5148,78.00,78.00,156.00,78,78,0.00,0.00,0,0
1419358845,total,3445732.00,3463504.00,6909236.00,3463504,3445732,2274.00,2280.00,4554.00,2280,2274,0.00,0.00,0,0
1419358846,s3,0.00,0.00,0.00,0,0,0.00,0.00,0.00,0,0,0.00,0.00,0,0
1419358846,s1-eth1,1226268.00,27258.00,1253526.00,27258,1226268,414.00,413.00,827.00,413,414,0.00,0.00,0,0
1419358846,s1-eth3,19338.00,879714.00,899052.00,879714,19338,293.00,297.00,590.00,297,293,0.00,0.00,0,0
1419358846,s1-eth2,7920.00,373212.00,381132.00,373212,7920,120.00,126.00,246.00,126,120,0.00,0.00,0,0
1419358846,s4,0.00,0.00,0.00,0,0,0.00,0.00,0.00,0,0,0.00,0.00,0,0
1419358846,s2-eth1,878835.19,19318.68,898153.88,19338,879714,296.70,292.71,589.41,293,297,0.00,0.00,0,0
1419358846,s2-eth3,14175.82,642111.88,656287.75,642754,14190,214.79,216.78,431.57,217,215,0.00,0.00,0,0
1419358846,s2-eth2,5142.86,233764.23,238907.09,233998,5148,77.92,78.92,156.84,79,78,0.00,0.00,0,0
1419358846,s5,0.00,0.00,0.00,0,0,0.00,0.00,0.00,0,0,0.00,0.00,0,0
1419358846,s3-eth1,642111.88,14175.82,656287.75,14190,642754,216.78,214.79,431.57,215,217,0.00,0.00,0,0
1419358846,s3-eth3,8637.36,393552.47,402189.81,393946,8646,130.87,132.87,263.74,133,131,0.00,0.00,0,0
1419358846,s3-eth2,5538.46,248559.45,254097.91,248808,5544,83.92,83.92,167.83,84,84,0.00,0.00,0,0
1419358846,eth0,0.00,0.00,0.00,0,0,0.00,0.00,0.00,0,0,0.00,0.00,0,0
1419358846,lo,0.00,0.00,0.00,0,0,0.00,0.00,0.00,0,0,0.00,0.00,0,0
1419358846,s1,0.00,0.00,0.00,0,0,0.00,0.00,0.00,0,0,0.00,0.00,0,0
1419358846,s4-eth1,393552.47,8637.36,402189.81,8646,393946,132.87,130.87,263.74,131,133,0.00,0.00,0,0
1419358846,s4-eth3,4681.32,210091.91,214773.23,210302,4686,70.93,70.93,141.86,71,71,0.00,0.00,0,0
1419358846,s4-eth2,4021.98,183460.55,187482.52,183644,4026,60.94,61.94,122.88,62,61,0.00,0.00,0,0
1419358846,s2,0.00,0.00,0.00,0,0,0.00,0.00,0.00,0,0,0.00,0.00,0,0
1419358846,s5-eth1,210091.91,4681.32,214773.23,4686,210302,70.93,70.93,141.86,71,71,0.00,0.00,0,0
1419358846,s5-eth2,4681.32,210091.91,214773.23,210302,4686,70.93,70.93,141.86,71,71,0.00,0.00,0,0
1419358846,total,3420327.50,3443910.25,6864237.50,3450798,3427168,2251.50,2258.48,4509.98,2263,2256,0.00,0.00,0,0
1419358847,s3,0.00,0.00,0.00,0,0,0.00,0.00,0.00,0,0,0.00,0.00,0,0
1419358847,s1-eth1,1220864.25,27269.46,1248133.75,27324,1223306,412.18,413.17,825.35,414,413,0.00,0.00,0,0
1419358847,s1-eth3,17125.75,795187.62,812313.38,796778,17160,259.48,268.46,527.94,269,260,0.00,0.00,0,0
1419358847,s1-eth2,10143.71,475930.16,486073.88,476882,10164,153.69,160.68,314.37,161,154,0.00,0.00,0,0
1419358847,s4,0.00,0.00,0.00,0,0,0.00,0.00,0.00,0,0,0.00,0.00,0,0
1419358847,s2-eth1,795187.62,17125.75,812313.38,17160,796778,268.46,259.48,527.94,260,269,0.00,0.00,0,0
1419358847,s2-eth3,12646.71,597129.75,609776.44,598324,12672,191.62,201.60,393.21,202,192,0.00,0.00,0,0
1419358847,s2-eth2,4479.04,206926.16,211405.20,207340,4488,67.86,69.86,137.72,70,68,0.00,0.00,0,0
1419358847,s5,0.00,0.00,0.00,0,0,0.00,0.00,0.00,0,0,0.00,0.00,0,0
1419358847,s3-eth1,597129.75,12646.71,609776.44,12672,598324,201.60,191.62,393.21,192,202,0.00,0.00,0,0
1419358847,s3-eth3,8562.87,404984.03,413546.91,405794,8580,129.74,136.73,266.47,137,130,0.00,0.00,0,0
1419358847,s3-eth2,4083.83,192145.72,196229.55,192530,4092,61.88,64.87,126.75,65,62,0.00,0.00,0,0
1419358847,eth0,0.00,0.00,0.00,0,0,0.00,0.00,0.00,0,0,0.00,0.00,0,0
1419358847,lo,858.28,858.28,1716.57,860,860,14.97,14.97,29.94,15,15,0.00,0.00,0,0
1419358847,s1,0.00,0.00,0.00,0,0,0.00,0.00,0.00,0,0,0.00,0.00,0,0
1419358847,s4-eth1,404984.03,8562.87,413546.91,8580,405794,136.73,129.74,266.47,130,137,0.00,0.00,0,0
1419358847,s4-eth3,4347.31,206926.16,211273.45,207340,4356,65.87,69.86,135.73,70,66,0.00,0.00,0,0
1419358847,s4-eth2,4149.70,198057.89,202207.59,198454,4158,62.87,66.87,129.74,67,63,0.00,0.00,0,0
1419358847,s2,0.00,0.00,0.00,0,0,0.00,0.00,0.00,0,0,0.00,0.00,0,0
1419358847,s5-eth1,206926.16,4347.31,211273.45,4356,207340,69.86,65.87,135.73,66,70,0.00,0.00,0,0
1419358847,s5-eth2,4347.31,206926.16,211273.45,207340,4356,65.87,69.86,135.73,70,66,0.00,0.00,0,0
1419358847,total,3299129.00,3358375.75,6657504.50,3361734,3302428,2164.84,2185.81,4350.65,2188,2167,0.00,0.00,0,0
1419358848,s3,0.00,0.00,0.00,0,0,0.00,0.00,0.00,0,0,0.00,0.00,0,0
1419358848,s1-eth1,1226268.00,27258.00,1253526.00,27258,1226268,414.00,413.00,827.00,413,414,0.00,0.00,0,0
1419358848,s1-eth3,18942.00,915258.00,934200.00,915258,18942,287.00,309.00,596.00,309,287,0.00,0.00,0,0
1419358848,s1-eth2,8382.00,408756.00,417138.00,408756,8382,127.00,138.00,265.00,138,127,0.00,0.00,0,0
1419358848,s4,0.00,0.00,0.00,0,0,0.00,0.00,0.00,0,0,0.00,0.00,0,0
1419358848,s2-eth1,915258.00,18942.00,934200.00,18942,915258,309.00,287.00,596.00,287,309,0.00,0.00,0,0
1419358848,s2-eth3,14058.00,675336.00,689394.00,675336,14058,213.00,228.00,441.00,228,213,0.00,0.00,0,0
1419358848,s2-eth2,4818.00,233998.00,238816.00,233998,4818,73.00,79.00,152.00,79,73,0.00,0.00,0,0
1419358848,s5,0.00,0.00,0.00,0,0,0.00,0.00,0.00,0,0,0.00,0.00,0,0
1419358848,s3-eth1,675336.00,14058.00,689394.00,14058,675336,228.00,213.00,441.00,213,228,0.00,0.00,0,0
1419358848,s3-eth3,9174.00,447262.00,456436.00,447262,9174,139.00,151.00,290.00,151,139,0.00,0.00,0,0
1419358848,s3-eth2,4884.00,233998.00,238882.00,233998,4884,74.00,79.00,153.00,79,74,0.00,0.00,0,0
1419358848,eth0,0.00,0.00,0.00,0,0,0.00,0.00,0.00,0,0,0.00,0.00,0,0
1419358848,lo,0.00,0.00,0.00,0,0,0.00,0.00,0.00,0,0,0.00,0.00,0,0
1419358848,s1,0.00,0.00,0.00,0,0,0.00,0.00,0.00,0,0,0.00,0.00,0,0
1419358848,s4-eth1,446815.19,9164.83,455980.03,9174,447262,150.85,138.86,289.71,139,151,0.00,0.00,0,0
1419358848,s4-eth3,4945.06,239682.33,244627.38,239922,4950,74.93,80.92,155.84,81,75,0.00,0.00,0,0
1419358848,s4-eth2,4285.71,207132.88,211418.59,207340,4290,64.94,69.93,134.87,70,65,0.00,0.00,0,0
1419358848,s2,0.00,0.00,0.00,0,0,0.00,0.00,0.00,0,0,0.00,0.00,0,0
1419358848,s5-eth1,239682.33,4945.06,244627.38,4950,239922,80.92,74.93,155.84,75,81,0.00,0.00,0,0
1419358848,s5-eth2,4945.06,239682.33,244627.38,239922,4950,74.93,80.92,155.84,81,75,0.00,0.00,0,0
1419358848,total,3574919.25,3672501.50,7247421.00,3676174,3578494,2308.69,2340.66,4649.35,2343,2311,0.00,0.00,0,0
1419358849,s3,0.00,0.00,0.00,0,0,0.00,0.00,0.00,0,0,0.00,0.00,0,0
1419358849,s1-eth1,1223792.25,35248.75,1259041.00,35284,1225016,439.56,441.56,881.12,442,440,0.00,0.00,0,0
1419358849,s1-eth3,23880.12,790973.06,814853.19,791764,23904,297.70,369.63,667.33,370,298,0.00,0.00,0,0
1419358849,s1-eth2,11274.73,400373.62,411648.38,400774,11286,142.86,170.83,313.69,171,143,0.00,0.00,0,0
1419358849,s4,0.00,0.00,0.00,0,0,0.00,0.00,0.00,0,0,0.00,0.00,0,0
1419358849,s2-eth1,790973.06,23880.12,814853.19,23904,791764,369.63,297.70,667.33,298,370,0.00,0.00,0,0
1419358849,s2-eth3,18011.99,572551.44,590563.44,573124,18030,222.78,281.72,504.50,282,223,0.00,0.00,0,0
1419358849,s2-eth2,5840.16,215462.55,221302.70,215678,5846,74.93,86.91,161.84,87,75,0.00,0.00,0,0
1419358849,s5,0.00,0.00,0.00,0,0,0.00,0.00,0.00,0,0,0.00,0.00,0,0
1419358849,s3-eth1,572551.44,18011.99,590563.44,18030,573124,281.72,222.78,504.50,223,282,0.00,0.00,0,0
1419358849,s3-eth3,11420.58,331178.84,342599.41,331510,11432,135.86,174.83,310.69,175,136,0.00,0.00,0,0
1419358849,s3-eth2,6591.41,239992.02,246583.42,240232,6598,86.91,107.89,194.81,108,87,0.00,0.00,0,0
1419358849,eth0,0.00,0.00,0.00,0,0,0.00,0.00,0.00,0,0,0.00,0.00,0,0
1419358849,lo,8152.00,8152.00,16304.00,8152,8152,76.00,76.00,152.00,76,76,0.00,0.00,0,0
1419358849,s1,0.00,0.00,0.00,0,0,0.00,0.00,0.00,0,0,0.00,0.00,0,0
1419358849,s4-eth1,331178.84,11420.58,342599.41,11432,331510,174.83,135.86,310.69,136,175,0.00,0.00,0,0
1419358849,s4-eth3,6375.62,194753.25,201128.88,194948,6382,78.92,101.90,180.82,102,79,0.00,0.00,0,0
1419358849,s4-eth2,5044.96,136425.58,141470.53,136562,5050,56.94,72.93,129.87,73,57,0.00,0.00,0,0
1419358849,s2,0.00,0.00,0.00,0,0,0.00,0.00,0.00,0,0,0.00,0.00,0,0
1419358849,s5-eth1,194753.25,6375.62,201128.88,6382,194948,101.90,78.92,180.82,79,102,0.00,0.00,0,0
1419358849,s5-eth2,6375.62,194753.25,201128.88,194948,6382,78.92,101.90,180.82,102,79,0.00,0.00,0,0
1419358849,total,3216208.00,3179544.50,6395752.50,3182724,3219424,2619.38,2721.28,5340.66,2724,2622,0.00,0.00,0,0
1419358850,s3,0.00,0.00,0.00,0,0,0.00,0.00,0.00,0,0,0.00,0.00,0,0
1419358850,s1-eth1,1244543.50,69316.69,1313860.12,69386,1245788,753.25,754.25,1507.49,755,754,0.00,0.00,0,0
1419358850,s1-eth3,51448.55,942383.62,993832.19,943326,51500,563.44,602.40,1165.83,603,564,0.00,0.00,0,0
1419358850,s1-eth2,17884.12,575768.25,593652.38,576344,17902,190.81,351.65,542.46,352,191,0.00,0.00,0,0
1419358850,s4,0.00,0.00,0.00,0,0,0.00,0.00,0.00,0,0,0.00,0.00,0,0
1419358850,s2-eth1,942383.62,51448.55,993832.19,51500,943326,602.40,563.44,1165.83,564,603,0.00,0.00,0,0
1419358850,s2-eth3,38761.24,698307.69,737068.94,699006,38800,427.57,454.55,882.12,455,428,0.00,0.00,0,0
1419358850,s2-eth2,12703.30,245588.42,258291.72,245834,12716,135.86,148.85,284.72,149,136,0.00,0.00,0,0
1419358850,s5,0.00,0.00,0.00,0,0,0.00,0.00,0.00,0,0,0.00,0.00,0,0
1419358850,s3-eth1,698307.69,38761.24,737068.94,38800,699006,454.55,427.57,882.12,428,455,0.00,0.00,0,0
1419358850,s3-eth3,24839.16,447168.84,472008.00,447616,24864,267.73,287.71,555.44,288,268,0.00,0.00,0,0
1419358850,s3-eth2,13922.08,251072.94,264995.00,251324,13936,159.84,165.83,325.67,166,160,0.00,0.00,0,0
1419358850,eth0,0.00,0.00,0.00,0,0,0.00,0.00,0.00,0,0,0.00,0.00,0,0
1419358850,lo,0.00,0.00,0.00,0,0,0.00,0.00,0.00,0,0,0.00,0.00,0,0
1419358850,s1,0.00,0.00,0.00,0,0,0.00,0.00,0.00,0,0,0.00,0.00,0,0
1419358850,s4-eth1,447168.84,24839.16,472008.00,24864,447616,287.71,267.73,555.44,268,288,0.00,0.00,0,0
1419358850,s4-eth3,13406.59,222335.67,235742.27,222558,13420,145.85,146.85,292.71,147,146,0.00,0.00,0,0
1419358850,s4-eth2,11432.57,224833.17,236265.73,225058,11444,121.88,140.86,262.74,141,122,0.00,0.00,0,0
1419358850,s2,0.00,0.00,0.00,0,0,0.00,0.00,0.00,0,0,0.00,0.00,0,0
1419358850,s5-eth1,222335.67,13406.59,235742.27,13420,222558,146.85,145.85,292.71,146,147,0.00,0.00,0,0
1419358850,s5-eth2,13406.59,222335.67,235742.27,222558,13420,145.85,146.85,292.71,147,146,0.00,0.00,0,0
1419358850,total,3752543.50,4027566.50,7780110.00,4031594,3756296,4403.60,4604.40,9007.99,4609,4408,0.00,0.00,0,0
1419358851,s3,0.00,0.00,0.00,0,0,0.00,0.00,0.00,0,0,0.00,0.00,0,0
1419358851,s1-eth1,1244939.12,61418.58,1306357.62,61480,1246184,759.24,739.26,1498.50,740,760,0.00,0.00,0,0
1419358851,s1-eth3,29454.55,663282.75,692737.31,663946,29484,381.62,340.66,722.28,341,382,0.00,0.00,0,0
1419358851,s1-eth2,31976.03,559154.88,591130.88,559714,32008,357.64,340.66,698.30,341,358,0.00,0.00,0,0
1419358851,s4,0.00,0.00,0.00,0,0,0.00,0.00,0.00,0,0,0.00,0.00,0,0
1419358851,s2-eth1,663282.75,29454.55,692737.31,29484,663946,340.66,381.62,722.28,382,341,0.00,0.00,0,0
1419358851,s2-eth3,22161.84,482405.59,504567.44,482888,22184,283.72,251.75,535.46,252,284,0.00,0.00,0,0
1419358851,s2-eth2,7304.70,182323.69,189628.38,182506,7312,97.90,88.91,186.81,89,98,0.00,0.00,0,0
1419358851,s5,0.00,0.00,0.00,0,0,0.00,0.00,0.00,0,0,0.00,0.00,0,0
1419358851,s3-eth1,482405.59,22161.84,504567.44,22184,482888,251.75,283.72,535.46,284,252,0.00,0.00,0,0
1419358851,s3-eth3,14975.03,312091.91,327066.94,312404,14990,186.81,169.83,356.64,170,187,0.00,0.00,0,0
1419358851,s3-eth2,7186.81,165842.16,173028.97,166008,7194,96.90,79.92,176.82,80,97,0.00,0.00,0,0
1419358851,eth0,0.00,0.00,0.00,0,0,0.00,0.00,0.00,0,0,0.00,0.00,0,0
1419358851,lo,0.00,0.00,0.00,0,0,0.00,0.00,0.00,0,0,0.00,0.00,0,0
1419358851,s1,0.00,0.00,0.00,0,0,0.00,0.00,0.00,0,0,0.00,0.00,0,0
1419358851,s4-eth1,312091.91,14975.03,327066.94,14990,312404,169.83,186.81,356.64,187,170,0.00,0.00,0,0
1419358851,s4-eth3,7556.44,158543.45,166099.91,158702,7564,93.91,78.92,172.83,79,94,0.00,0.00,0,0
1419358851,s4-eth2,7418.58,153548.45,160967.03,153702,7426,92.91,90.91,183.82,91,93,0.00,0.00,0,0
1419358851,s2,0.00,0.00,0.00,0,0,0.00,0.00,0.00,0,0,0.00,0.00,0,0
1419358851,s5-eth1,158543.45,7556.44,166099.91,7564,158702,78.92,93.91,172.83,94,79,0.00,0.00,0,0
1419358851,s5-eth2,7556.44,158543.45,166099.91,158702,7564,93.91,78.92,172.83,79,94,0.00,0.00,0,0
1419358851,total,2996853.25,2971302.75,5968156.00,2974274,2999850,3285.71,3205.79,6491.51,3209,3289,0.00,0.00,0,0
1419358852,s3,0.00,0.00,0.00,0,0,0.00,0.00,0.00,0,0,0.00,0.00,0,0
1419358852,s1-eth1,1225269.50,28455.09,1253724.62,28512,1227720,435.13,431.14,866.27,432,436,0.00,0.00,0,0
1419358852,s1-eth3,15347.31,709461.12,724808.38,710880,15378,232.53,239.52,472.06,240,233,0.00,0.00,0,0
1419358852,s1-eth2,13107.79,549832.38,562940.12,550932,13134,198.60,185.63,384.23,186,199,0.00,0.00,0,0
1419358852,s4,0.00,0.00,0.00,0,0,0.00,0.00,0.00,0,0,0.00,0.00,0,0
1419358852,s2-eth1,709461.12,15347.31,724808.38,15378,710880,239.52,232.53,472.06,233,240,0.00,0.00,0,0
1419358852,s2-eth3,11076.92,511914.09,522991.03,512426,11088,167.83,172.83,340.66,173,168,0.00,0.00,0,0
1419358852,s2-eth2,4351.65,195296.70,199648.36,195492,4356,65.93,65.93,131.87,66,66,0.00,0.00,0,0
1419358852,s5,0.00,0.00,0.00,0,0,0.00,0.00,0.00,0,0,0.00,0.00,0,0
1419358852,s3-eth1,511914.09,11076.92,522991.03,11088,512426,172.83,167.83,340.66,168,173,0.00,0.00,0,0
1419358852,s3-eth3,7648.35,355084.94,362733.28,355440,7656,115.88,119.88,235.76,120,116,0.00,0.00,0,0
1419358852,s3-eth2,3428.57,156829.17,160257.75,156986,3432,51.95,52.95,104.90,53,52,0.00,0.00,0,0
1419358852,eth0,0.00,0.00,0.00,0,0,0.00,0.00,0.00,0,0,0.00,0.00,0,0
1419358852,lo,0.00,0.00,0.00,0,0,0.00,0.00,0.00,0,0,0.00,0.00,0,0
1419358852,s1,0.00,0.00,0.00,0,0,0.00,0.00,0.00,0,0,0.00,0.00,0,0
1419358852,s4-eth1,355084.94,7648.35,362733.28,7656,355440,119.88,115.88,235.76,116,120,0.00,0.00,0,0
1419358852,s4-eth3,4351.65,201214.80,205566.44,201416,4356,65.93,67.93,133.87,68,66,0.00,0.00,0,0
1419358852,s4-eth2,3296.70,153870.14,157166.84,154024,3300,49.95,51.95,101.90,52,50,0.00,0.00,0,0
1419358852,s2,0.00,0.00,0.00,0,0,0.00,0.00,0.00,0,0,0.00,0.00,0,0
1419358852,s5-eth1,201214.80,4351.65,205566.44,4356,201416,67.93,65.93,133.87,66,68,0.00,0.00,0,0
1419358852,s5-eth2,4351.65,201214.80,205566.44,201416,4356,65.93,67.93,133.87,68,66,0.00,0.00,0,0
1419358852,total,3071866.25,3102899.25,6174765.50,3106002,3074938,2050.95,2038.96,4089.91,2041,2053,0.00,0.00,0,0
1419358853,s3,0.00,0.00,0.00,0,0,0.00,0.00,0.00,0,0,0.00,0.00,0,0
1419358853,s1-eth1,1222084.00,27230.77,1249314.75,27258,1223306,412.59,412.59,825.17,413,413,0.00,0.00,0,0
1419358853,s1-eth3,14967.03,665784.25,680751.25,666450,14982,226.77,224.78,451.55,225,227,0.00,0.00,0,0
1419358853,s1-eth2,12263.74,556299.69,568563.44,556856,12276,185.81,187.81,373.63,188,186,0.00,0.00,0,0
1419358853,s4,0.00,0.00,0.00,0,0,0.00,0.00,0.00,0,0,0.00,0.00,0,0
1419358853,s2-eth1,665784.25,14967.03,680751.25,14982,666450,224.78,226.77,451.55,227,225,0.00,0.00,0,0
1419358853,s2-eth3,10813.19,479364.66,490177.84,479844,10824,163.84,161.84,325.67,162,164,0.00,0.00,0,0
1419358853,s2-eth2,4153.85,189378.62,193532.47,189568,4158,62.94,63.94,126.87,64,63,0.00,0.00,0,0
1419358853,s5,0.00,0.00,0.00,0,0,0.00,0.00,0.00,0,0,0.00,0.00,0,0
1419358853,s3-eth1,479364.66,10813.19,490177.84,10824,479844,161.84,163.84,325.67,164,162,0.00,0.00,0,0
1419358853,s3-eth3,7648.35,340289.72,347938.06,340630,7656,115.88,114.89,230.77,115,116,0.00,0.00,0,0
1419358853,s3-eth2,3098.90,139074.92,142173.83,139214,3102,46.95,46.95,93.91,47,47,0.00,0.00,0,0
1419358853,eth0,0.00,0.00,0.00,0,0,0.00,0.00,0.00,0,0,0.00,0.00,0,0
1419358853,lo,0.00,0.00,0.00,0,0,0.00,0.00,0.00,0,0,0.00,0.00,0,0
1419358853,s1,0.00,0.00,0.00,0,0,0.00,0.00,0.00,0,0,0.00,0.00,0,0
1419358853,s4-eth1,340289.72,7648.35,347938.06,7656,340630,114.89,115.88,230.77,116,115,0.00,0.00,0,0
1419358853,s4-eth3,4219.78,189378.62,193598.41,189568,4224,63.94,63.94,127.87,64,64,0.00,0.00,0,0
1419358853,s4-eth2,3428.57,153870.14,157298.70,154024,3432,51.95,51.95,103.90,52,52,0.00,0.00,0,0
1419358853,s2,0.00,0.00,0.00,0,0,0.00,0.00,0.00,0,0,0.00,0.00,0,0
1419358853,s5-eth1,189378.62,4219.78,193598.41,4224,189568,63.94,63.94,127.87,64,64,0.00,0.00,0,0
1419358853,s5-eth2,4219.78,189378.62,193598.41,189568,4224,63.94,63.94,127.87,64,64,0.00,0.00,0,0
1419358853,total,2961714.25,2967698.50,5929412.50,2970666,2964676,1960.04,1963.04,3923.08,1965,1962,0.00,0.00,0,0
1419358854,s3,0.00,0.00,0.00,0,0,0.00,0.00,0.00,0,0,0.00,0.00,0,0
1419358854,s1-eth1,1225043.00,27230.77,1252273.75,27258,1226268,413.59,412.59,826.17,413,414,0.00,0.00,0,0
1419358854,s1-eth3,14769.23,662825.19,677594.44,663488,14784,223.78,223.78,447.55,224,224,0.00,0.00,0,0
1419358854,s1-eth2,12527.47,562217.81,574745.25,562780,12540,189.81,189.81,379.62,190,190,0.00,0.00,0,0
1419358854,s4,0.00,0.00,0.00,0,0,0.00,0.00,0.00,0,0,0.00,0.00,0,0
1419358854,s2-eth1,662825.19,14769.23,677594.44,14784,663488,223.78,223.78,447.55,224,224,0.00,0.00,0,0
1419358854,s2-eth3,10549.45,470487.53,481036.97,470958,10560,159.84,158.84,318.68,159,160,0.00,0.00,0,0
1419358854,s2-eth2,4219.78,189378.62,193598.41,189568,4224,63.94,63.94,127.87,64,64,0.00,0.00,0,0
1419358854,s5,0.00,0.00,0.00,0,0,0.00,0.00,0.00,0,0,0.00,0.00,0,0
1419358854,s3-eth1,470487.53,10549.45,481036.97,10560,470958,158.84,159.84,318.68,160,159,0.00,0.00,0,0
1419358854,s3-eth3,7384.62,328453.56,335838.16,328782,7392,111.89,110.89,222.78,111,112,0.00,0.00,0,0
1419358854,s3-eth2,3164.84,142033.97,145198.81,142176,3168,47.95,47.95,95.90,48,48,0.00,0.00,0,0
1419358854,eth0,0.00,0.00,0.00,0,0,0.00,0.00,0.00,0,0,0.00,0.00,0,0
1419358854,lo,859.14,859.14,1718.28,860,860,14.99,14.99,29.97,15,15,0.00,0.00,0,0
1419358854,s1,0.00,0.00,0.00,0,0,0.00,0.00,0.00,0,0,0.00,0.00,0,0
1419358854,s4-eth1,328453.56,7384.62,335838.16,7392,328782,110.89,111.89,222.78,112,111,0.00,0.00,0,0
1419358854,s4-eth3,3956.04,177542.47,181498.50,177720,3960,59.94,59.94,119.88,60,60,0.00,0.00,0,0
1419358854,s4-eth2,3362.64,150911.09,154273.73,151062,3366,50.95,50.95,101.90,51,51,0.00,0.00,0,0
1419358854,s2,0.00,0.00,0.00,0,0,0.00,0.00,0.00,0,0,0.00,0.00,0,0
1419358854,s5-eth1,177542.47,3956.04,181498.50,3960,177720,59.94,59.94,119.88,60,60,0.00,0.00,0,0
1419358854,s5-eth2,3956.04,177542.47,181498.50,177720,3960,59.94,59.94,119.88,60,60,0.00,0.00,0,0
1419358854,total,2929101.00,2926142.00,5855243.00,2929068,2932030,1950.05,1949.05,3899.10,1951,1952,0.00,0.00,0,0
1419358855,s3,0.00,0.00,0.00,0,0,0.00,0.00,0.00,0,0,0.00,0.00,0,0
1419358855,s1-eth1,1223372.00,27324.00,1250696.00,27324,1223372,414.00,414.00,828.00,414,414,0.00,0.00,0,0
1419358855,s1-eth3,14982.00,690212.00,705194.00,690212,14982,227.00,234.00,461.00,234,227,0.00,0.00,0,0
1419358855,s1-eth2,12276.00,550932.00,563208.00,550932,12276,186.00,186.00,372.00,186,186,0.00,0.00,0,0
1419358855,s4,0.00,0.00,0.00,0,0,0.00,0.00,0.00,0,0,0.00,0.00,0,0
1419358855,s2-eth1,690212.00,14982.00,705194.00,14982,690212,234.00,227.00,461.00,227,234,0.00,0.00,0,0
1419358855,s2-eth3,10626.00,494654.00,505280.00,494654,10626,161.00,167.00,328.00,167,161,0.00,0.00,0,0
1419358855,s2-eth2,4356.00,198520.00,202876.00,198520,4356,66.00,68.00,134.00,68,66,0.00,0.00,0,0
1419358855,s5,0.00,0.00,0.00,0,0,0.00,0.00,0.00,0,0,0.00,0.00,0,0
1419358855,s3-eth1,494654.00,10626.00,505280.00,10626,494654,167.00,161.00,328.00,161,167,0.00,0.00,0,0
1419358855,s3-eth3,7656.00,355440.00,363096.00,355440,7656,116.00,120.00,236.00,120,116,0.00,0.00,0,0
1419358855,s3-eth2,3036.00,139214.00,142250.00,139214,3036,46.00,47.00,93.00,47,46,0.00,0.00,0,0
1419358855,eth0,0.00,0.00,0.00,0,0,0.00,0.00,0.00,0,0,0.00,0.00,0,0
1419358855,lo,0.00,0.00,0.00,0,0,0.00,0.00,0.00,0,0,0.00,0.00,0,0
1419358855,s1,0.00,0.00,0.00,0,0,0.00,0.00,0.00,0,0,0.00,0.00,0,0
1419358855,s4-eth1,355084.94,7648.35,362733.28,7656,355440,119.88,115.88,235.76,116,120,0.00,0.00,0,0
1419358855,s4-eth3,4153.85,189378.62,193532.47,189568,4158,62.94,63.94,126.87,64,63,0.00,0.00,0,0
1419358855,s4-eth2,3560.44,162747.25,166307.70,162910,3564,53.95,54.95,108.89,55,54,0.00,0.00,0,0
1419358855,s2,0.00,0.00,0.00,0,0,0.00,0.00,0.00,0,0,0.00,0.00,0,0
1419358855,s5-eth1,189378.62,4153.85,193532.47,4158,189568,63.94,62.94,126.87,63,64,0.00,0.00,0,0
1419358855,s5-eth2,4153.85,189378.62,193532.47,189568,4158,62.94,63.94,126.87,64,63,0.00,0.00,0,0
1419358855,total,3015043.00,3032731.25,6047774.50,3035764,3018058,1979.02,1984.02,3963.04,1986,1981,0.00,0.00,0,0
1419358856,s3,0.00,0.00,0.00,0,0,0.00,0.00,0.00,0,0,0.00,0.00,0,0
1419358856,s1-eth1,1216337.75,27164.84,1243502.50,27192,1217554,412.59,411.59,824.18,412,413,0.00,0.00,0,0
1419358856,s1-eth3,18263.74,843326.69,861590.44,844170,18282,276.72,284.72,561.44,285,277,0.00,0.00,0,0
1419358856,s1-eth2,8901.10,257608.41,266509.50,257866,8910,134.87,88.91,223.78,89,135,0.00,0.00,0,0
1419358856,s4,0.00,0.00,0.00,0,0,0.00,0.00,0.00,0,0,0.00,0.00,0,0
1419358856,s2-eth1,843326.69,18263.74,861590.44,18282,844170,284.72,276.72,561.44,277,285,0.00,0.00,0,0
1419358856,s2-eth3,13252.75,624357.69,637610.44,624982,13266,200.80,210.79,411.59,211,201,0.00,0.00,0,0
1419358856,s2-eth2,5010.99,236723.28,241734.27,236960,5016,75.92,79.92,155.84,80,76,0.00,0.00,0,0
1419358856,s5,0.00,0.00,0.00,0,0,0.00,0.00,0.00,0,0,0.00,0.00,0,0
1419358856,s3-eth1,624357.69,13252.75,637610.44,13266,624982,210.79,200.80,411.59,201,211,0.00,0.00,0,0
1419358856,s3-eth3,9032.97,426101.91,435134.88,426528,9042,136.86,143.86,280.72,144,137,0.00,0.00,0,0
1419358856,s3-eth2,4153.85,198255.75,202409.59,198454,4158,62.94,66.93,129.87,67,63,0.00,0.00,0,0
1419358856,eth0,0.00,59.94,59.94,60,0,0.00,1.00,1.00,1,0,0.00,0.00,0,0
1419358856,lo,0.00,0.00,0.00,0,0,0.00,0.00,0.00,0,0,0.00,0.00,0,0
1419358856,s1,0.00,0.00,0.00,0,0,0.00,0.00,0.00,0,0,0.00,0.00,0,0
1419358856,s4-eth1,426101.91,9032.97,435134.88,9042,426528,143.86,136.86,280.72,137,144,0.00,0.00,0,0
1419358856,s4-eth3,4945.06,230805.20,235750.25,231036,4950,74.93,77.92,152.85,78,75,0.00,0.00,0,0
1419358856,s4-eth2,4087.91,195296.70,199384.62,195492,4092,61.94,65.93,127.87,66,62,0.00,0.00,0,0
1419358856,s2,0.00,0.00,0.00,0,0,0.00,0.00,0.00,0,0,0.00,0.00,0,0
1419358856,s5-eth1,230805.20,4945.06,235750.25,4950,231036,77.92,74.93,152.85,75,78,0.00,0.00,0,0
1419358856,s5-eth2,4945.06,230805.20,235750.25,231036,4950,74.93,77.92,152.85,78,75,0.00,0.00,0,0
1419358856,total,3413522.50,3316000.00,6729522.50,3319316,3416936,2229.77,2198.80,4428.57,2201,2232,0.00,0.00,0,0
1419358857,eth0,2825.17,1714.29,4539.46,1716,2828,25.97,25.97,51.95,26,26,0.00,0.00,0,0
1419358857,lo,780.00,780.00,1560.00,780,780,15.00,15.00,30.00,15,15,0.00,0.00,0,0
1419358857,total,18446744073709551616.00,18446744073709551616.00,18446744073709551616.00,18446744073592562349,18446744073594166189,18446744073709465600.00,18446744073709465600.00,18446744073709379584.00,18446744073709465447,18446744073709466339,0.00,0.00,0,0
1419358858,eth0,267.73,131.87,399.60,132,268,2.00,2.00,4.00,2,2,0.00,0.00,0,0
1419358858,lo,0.00,0.00,0.00,0,0,0.00,0.00,0.00,0,0,0.00,0.00,0,0
1419358858,total,267.73,131.87,399.60,132,268,2.00,2.00,4.00,2,2,0.00,0.00,0,0
1419358859,eth0,118.00,66.00,184.00,66,118,1.00,1.00,2.00,1,1,0.00,0.00,0,0
1419358859,lo,0.00,0.00,0.00,0,0,0.00,0.00,0.00,0,0,0.00,0.00,0,0
1419358859,total,118.00,66.00,184.00,66,118,1.00,1.00,2.00,1,1,0.00,0.00,0,0
1419358860,eth0,118.00,66.00,184.00,66,118,1.00,1.00,2.00,1,1,0.00,0.00,0,0
1419358860,lo,0.00,0.00,0.00,0,0,0.00,0.00,0.00,0,0,0.00,0.00,0,0
1419358860,total,118.00,66.00,184.00,66,118,1.00,1.00,2.00,1,1,0.00,0.00,0,0
1419358861,eth0,118.00,66.00,184.00,66,118,1.00,1.00,2.00,1,1,0.00,0.00,0,0
1419358861,lo,0.00,0.00,0.00,0,0,0.00,0.00,0.00,0,0,0.00,0.00,0,0
1419358861,total,118.00,66.00,184.00,66,118,1.00,1.00,2.00,1,1,0.00,0.00,0,0
1419358862,eth0,118.00,66.00,184.00,66,118,1.00,1.00,2.00,1,1,0.00,0.00,0,0
1419358862,lo,0.00,0.00,0.00,0,0,0.00,0.00,0.00,0,0,0.00,0.00,0,0
1419358862,total,118.00,66.00,184.00,66,118,1.00,1.00,2.00,1,1,0.00,0.00,0,0
1419358863,eth0,1